4 0.23677884615384615 0.05889423076923077 0.06370192307692313 0.05168269230769231
7 0.561298076923077 0.14423076923076922 0.04807692307692313 0.046875
7 0.5661057692307692 0.7091346153846154 0.05889423076923084 0.04807692307692313
7 0.43509615384615385 0.8942307692307693 0.07331730769230771 0.04206730769230771
7 0.5372596153846154 0.9711538461538461 0.06850961538461542 0.04807692307692313
7 0.8629807692307692 0.21875 0.03725961538461531 0.027644230769230754
7 0.8221153846153846 0.2403846153846154 0.0264423076923076 0.021634615384615363
7 0.7740384615384616 0.11538461538461539 0.03846153846153855 0.03846153846153848
3 0.16826923076923073 0.04927884615384615 0.2235576923076923 0.0985576923076923
3 0.4387019230769232 0.16225961538461536 0.329326923076923 0.12019230769230768
3 0.7824519230769231 0.25721153846153844 0.13942307692307698 0.0625
3 0.43629807692307687 0.6923076923076923 0.3365384615384617 0.12139423076923073
3 0.3473557692307693 0.8293269230769231 0.24879807692307687 0.1670673076923077
3 0.47115384615384615 0.9471153846153846 0.21153846153846145 0.09495192307692302
3 0.7776442307692308 0.2608173076923077 0.13221153846153844 0.07211538461538458
3 0.7992788461538461 0.21875 0.1766826923076923 0.04086538461538461
3 0.703125 0.11298076923076922 0.1875 0.06730769230769229
