2 0.5973557692307692 0.8449519230769231 0.11778846153846156 0.07932692307692302
2 0.5949519230769231 0.4098557692307692 0.13221153846153844 0.09375
2 0.5901442307692308 0.17908653846153846 0.13100961538461542 0.07932692307692307
2 0.579326923076923 0.5528846153846154 0.09855769230769229 0.06129807692307687
2 0.578125 0.7007211538461537 0.18149038461538458 0.10096153846153844
2 0.5528846153846153 0.9555288461538461 0.09855769230769229 0.05769230769230771
3 0.359375 0.40625 0.6598557692307692 0.22235576923076916
3 0.34615384615384615 0.9543269230769231 0.5456730769230769 0.08894230769230771
3 0.34134615384615385 0.7115384615384616 0.6634615384615385 0.21995192307692313
3 0.33533653846153844 0.8341346153846154 0.6454326923076923 0.15625
3 0.3341346153846154 0.17427884615384615 0.6490384615384617 0.2608173076923077
3 0.3245192307692307 0.5480769230769231 0.6454326923076923 0.15264423076923084
