3 0.6887019230769231 0.09495192307692313 0.5673076923076923 0.16225961538461542
3 0.6971153846153846 0.23557692307692313 0.6033653846153846 0.18149038461538458
3 0.6875 0.3545673076923077 0.578125 0.15264423076923084
5 0.5949519230769231 0.10096153846153844 0.24038461538461542 0.14903846153846145
5 0.6694711538461539 0.23798076923076916 0.3233173076923077 0.17788461538461542
5 0.6033653846153846 0.35216346153846156 0.2572115384615383 0.1358173076923077
6 0.4254807692307692 0.11298076923076922 0.055288461538461564 0.055288461538461564
6 0.43149038461538464 0.21995192307692313 0.07451923076923073 0.078125
6 0.44350961538461536 0.3425480769230769 0.05288461538461531 0.05649038461538469
6 0.4759615384615385 0.3028846153846154 0.025240384615384692 0.03125
