7 0.22235576923076922 0.7872596153846154 0.10336538461538469 0.125
7 0.34375 0.8040865384615384 0.08173076923076916 0.08894230769230771
7 0.43389423076923084 0.8425480769230769 0.08774038461538458 0.10336538461538469
7 0.5072115384615384 0.8389423076923077 0.08774038461538458 0.078125
5 0.20192307692307693 0.5793269230769231 0.15985576923076927 0.30528846153846156
5 0.3088942307692308 0.576923076923077 0.1298076923076924 0.32692307692307687
5 0.47836538461538464 0.6586538461538461 0.16346153846153844 0.27403846153846145
3 0.21274038461538458 0.44591346153846156 0.1826923076923077 0.8016826923076923
3 0.3245192307692308 0.4567307692307693 0.16826923076923073 0.7704326923076923
3 0.47836538461538464 0.48197115384615385 0.1971153846153847 0.8293269230769231
3 0.5192307692307693 0.5060096153846153 0.11418269230769229 0.7608173076923077
