6 0.48677884615384615 0.9206730769230769 0.14182692307692313 0.12379807692307698
7 0.6057692307692308 0.3870192307692307 0.20673076923076927 0.1766826923076923
7 0.467548076923077 0.34375 0.12980769230769235 0.10336538461538458
7 0.4278846153846154 0.28125 0.10336538461538464 0.11538461538461542
7 0.6129807692307694 0.21514423076923073 0.19110576923076927 0.16586538461538458
7 0.5036057692307693 0.09735576923076927 0.16225961538461542 0.1514423076923077
5 0.6790865384615384 0.9038461538461539 0.31129807692307687 0.1826923076923077
5 0.8713942307692307 0.3858173076923077 0.2548076923076923 0.24399038461538458
5 0.8557692307692307 0.21995192307692313 0.2860576923076923 0.1610576923076923
5 0.7415865384615384 0.09975961538461542 0.3233173076923077 0.1670673076923077
3 0.6971153846153846 0.8966346153846154 0.5877403846153846 0.19110576923076916
3 0.7536057692307693 0.38822115384615385 0.4891826923076923 0.28245192307692313
3 0.7560096153846154 0.2235576923076923 0.469951923076923 0.19110576923076916
3 0.6899038461538461 0.09855769230769229 0.5576923076923077 0.1875
3 0.5552884615384616 0.3064903846153846 0.359375 0.1766826923076923
