5 0.4471153846153846 0.8293269230769231 0.046875 0.03725961538461531
5 0.6442307692307692 0.7524038461538461 0.038461538461538436 0.04206730769230771
5 0.5817307692307694 0.4158653846153846 0.08173076923076927 0.05168269230769229
5 0.6838942307692307 0.3858173076923077 0.06730769230769229 0.03725961538461542
5 0.7211538461538461 0.3425480769230768 0.07692307692307687 0.050480769230769273
5 0.6971153846153846 0.1646634615384615 0.08774038461538458 0.055288461538461564
6 0.6322115384615383 0.16706730769230776 0.038461538461538436 0.027644230769230727
6 0.6634615384615384 0.3377403846153846 0.03245192307692313 0.030048076923076872
6 0.5276442307692308 0.4002403846153846 0.034855769230769273 0.02644230769230771
3 0.4651442307692307 0.8269230769230769 0.1670673076923077 0.06370192307692302
3 0.6658653846153846 0.7536057692307693 0.18149038461538458 0.08894230769230771
3 0.6033653846153846 0.4110576923076923 0.19711538461538458 0.05649038461538458
3 0.7115384615384615 0.3870192307692307 0.19951923076923073 0.06129807692307687
3 0.7367788461538463 0.33653846153846156 0.18028846153846156 0.06850961538461542
3 0.7139423076923077 0.16225961538461542 0.19951923076923084 0.06730769230769229
3 0.5612980769230769 0.13701923076923067 0.1766826923076923 0.055288461538461564
2 0.6298076923076923 0.37379807692307687 0.02524038461538458 0.02644230769230771
