0 0.1610576923076923 0.5192307692307693 0.05889423076923084 0.03725961538461542
0 0.16225961538461542 0.326923076923077 0.07451923076923084 0.05649038461538464
0 0.17548076923076927 0.5564903846153846 0.08293269230769229 0.04086538461538458
0 0.18509615384615385 0.47115384615384615 0.07331730769230771 0.04807692307692307
0 0.18509615384615385 0.12259615384615385 0.08293269230769229 0.05769230769230771
0 0.18629807692307693 0.6237980769230769 0.07932692307692302 0.058894230769230727
3 0.20552884615384615 0.5120192307692307 0.16346153846153855 0.05048076923076922
0 0.20913461538461542 0.6766826923076923 0.06610576923076916 0.050480769230769273
5 0.3798076923076923 0.19951923076923078 0.2908653846153846 0.10576923076923075
5 0.38341346153846156 0.38701923076923084 0.31971153846153855 0.08774038461538464
5 0.38341346153846156 0.5564903846153846 0.26682692307692313 0.11538461538461542
5 0.38461538461538464 0.25841346153846156 0.2908653846153847 0.06971153846153849
5 0.39663461538461536 0.3221153846153846 0.3088942307692307 0.11538461538461536
5 0.421875 0.11899038461538461 0.3064903846153846 0.125
5 0.4266826923076923 0.6802884615384617 0.2908653846153846 0.11778846153846156
5 0.43509615384615385 0.46995192307692313 0.2920673076923077 0.11899038461538464
3 0.4747596153846154 0.4266826923076923 0.8028846153846154 0.05288461538461536
3 0.4903846153846153 0.25841346153846156 0.7980769230769231 0.0612980769230769
3 0.5012019230769231 0.6165865384615384 0.7379807692307692 0.07331730769230771
3 0.515625 0.5492788461538461 0.7692307692307692 0.10456730769230771
3 0.5252403846153846 0.2127403846153846 0.828125 0.11298076923076922
3 0.5324519230769231 0.39903846153846156 0.8329326923076923 0.09735576923076922
3 0.5408653846153846 0.6730769230769231 0.7355769230769231 0.13701923076923084
3 0.5420673076923077 0.47596153846153844 0.7908653846153846 0.11899038461538458
3 0.546875 0.3221153846153846 0.828125 0.11538461538461536
3 0.5625 0.11057692307692307 0.8497596153846154 0.14182692307692307
0 0.14903846153846156 0.20192307692307693 0.08293269230769229 0.055288461538461536
0 0.14903846153846156 0.25721153846153844 0.06971153846153855 0.0480769230769231
0 0.15384615384615385 0.38221153846153844 0.08293269230769229 0.04807692307692307
