6 0.15865384615384615 0.7091346153846154 0.04206730769230771 0.043269230769230727
6 0.46634615384615385 0.6754807692307693 0.04567307692307687 0.04807692307692313
6 0.454326923076923 0.6189903846153847 0.04206730769230771 0.04807692307692313
6 0.38100961538461536 0.33653846153846156 0.038461538461538436 0.03245192307692313
6 0.38701923076923084 0.24879807692307693 0.03125 0.038461538461538436
6 0.6826923076923077 0.6262019230769231 0.07451923076923073 0.046875
5 0.2451923076923077 0.7067307692307692 0.109375 0.0625
5 0.7572115384615384 0.6622596153846154 0.1358173076923077 0.09254807692307698
5 0.5504807692307694 0.6682692307692308 0.12860576923076927 0.08173076923076916
5 0.5456730769230769 0.6153846153846153 0.12620192307692302 0.06129807692307687
3 0.7572115384615384 0.6550480769230769 0.21875 0.1310096153846153
3 0.5276442307692307 0.671875 0.19471153846153855 0.09735576923076916
3 0.5144230769230769 0.6177884615384616 0.1875 0.07331730769230771
3 0.2800480769230769 0.7103365384615384 0.3004807692307693 0.11418269230769229
3 0.44951923076923084 0.3497596153846155 0.1875 0.09014423076923073
3 0.43870192307692313 0.2620192307692307 0.15625 0.09375
