3 0.42427884615384615 0.8377403846153846 0.7199519230769231 0.23317307692307698
3 0.45432692307692313 0.6346153846153846 0.5612980769230769 0.14182692307692302
3 0.48557692307692313 0.5324519230769231 0.8076923076923077 0.2451923076923076
6 0.7367788461538461 0.7980769230769231 0.07331730769230771 0.08413461538461542
6 0.6911057692307693 0.6298076923076923 0.08293269230769229 0.078125
6 0.8257211538461539 0.5817307692307692 0.10456730769230771 0.10336538461538458
5 0.5432692307692308 0.8185096153846154 0.2872596153846153 0.18870192307692302
5 0.5144230769230769 0.626201923076923 0.2536057692307693 0.14182692307692313
5 0.5865384615384616 0.516826923076923 0.34254807692307687 0.17307692307692313
1 0.6971153846153846 0.7872596153846154 0.030048076923076983 0.04086538461538458
1 0.6550480769230769 0.623798076923077 0.019230769230769273 0.04206730769230771
1 0.7776442307692308 0.5877403846153847 0.030048076923076983 0.03605769230769229
