3 0.7355769230769231 0.6778846153846154 0.49639423076923084 0.16346153846153844
3 0.7403846153846154 0.7908653846153846 0.5012019230769231 0.1298076923076924
3 0.6526442307692307 0.9387019230769231 0.2079326923076923 0.07932692307692302
3 0.5949519230769231 0.7223557692307693 0.11538461538461542 0.05168269230769229
3 0.7463942307692306 0.6105769230769231 0.4651442307692307 0.08774038461538469
3 0.7524038461538461 0.5480769230769231 0.4579326923076923 0.10336538461538469
3 0.7572115384615384 0.4567307692307692 0.45432692307692313 0.08173076923076927
3 0.7427884615384616 0.36418269230769235 0.48557692307692313 0.12139423076923073
3 0.7487980769230769 0.25721153846153844 0.469951923076923 0.10817307692307687
3 0.7680288461538461 0.18149038461538458 0.43870192307692313 0.06129807692307687
3 0.7608173076923077 0.07932692307692313 0.46875 0.109375
6 0.5793269230769231 0.9495192307692308 0.06370192307692302 0.04567307692307698
6 0.5360576923076923 0.8004807692307692 0.078125 0.06850961538461531
6 0.5625 0.7151442307692307 0.05649038461538458 0.03605769230769229
6 0.5348557692307693 0.6790865384615384 0.09855769230769229 0.07331730769230771
6 0.5480769230769231 0.625 0.06730769230769229 0.04326923076923084
6 0.5516826923076923 0.5588942307692308 0.046875 0.04807692307692302
6 0.5612980769230769 0.4411057692307693 0.04567307692307687 0.05168269230769229
6 0.5444711538461539 0.3798076923076923 0.09254807692307687 0.08413461538461542
6 0.5408653846153846 0.2512019230769231 0.05288461538461542 0.055288461538461564
6 0.5793269230769231 0.18509615384615385 0.05288461538461542 0.04807692307692313
6 0.5612980769230769 0.07091346153846156 0.058894230769230727 0.06129807692307687
5 0.6742788461538461 0.9447115384615384 0.13942307692307687 0.06730769230769229
5 0.7487980769230769 0.7956730769230769 0.265625 0.12620192307692302
5 0.7788461538461539 0.6802884615384616 0.28004807692307687 0.13221153846153855
5 0.7019230769230769 0.6129807692307693 0.1875 0.06730769230769229
5 0.6911057692307694 0.5588942307692307 0.18028846153846156 0.08293269230769229
5 0.7043269230769231 0.45072115384615385 0.16826923076923084 0.06730769230769229
5 0.7620192307692307 0.36298076923076933 0.265625 0.10096153846153844
5 0.6947115384615384 0.24639423076923073 0.21875 0.08894230769230771
5 0.7307692307692307 0.17307692307692313 0.1983173076923077 0.0625
5 0.7127403846153846 0.07211538461538458 0.1826923076923077 0.09855769230769229
