7 0.8413461538461539 0.6658653846153846 0.04807692307692313 0.04326923076923084
7 0.8401442307692308 0.5685096153846154 0.038461538461538436 0.03725961538461542
6 0.8353365384615384 0.34254807692307687 0.04206730769230771 0.04567307692307687
7 0.8341346153846154 0.9134615384615384 0.038461538461538436 0.02644230769230771
7 0.8317307692307692 0.7800480769230769 0.030048076923076983 0.027644230769230727
7 0.8317307692307692 0.7223557692307692 0.030048076923076983 0.027644230769230838
5 0.7884615384615385 0.8137019230769231 0.07451923076923073 0.030048076923076983
3 0.7752403846153846 0.6286057692307692 0.1983173076923077 0.04567307692307698
5 0.7740384615384615 0.7776442307692308 0.08653846153846156 0.05288461538461531
5 0.7740384615384616 0.7151442307692308 0.09254807692307687 0.055288461538461564
3 0.7680288461538461 0.8137019230769231 0.15745192307692313 0.030048076923076983
3 0.7512019230769231 0.7776442307692308 0.22235576923076927 0.05288461538461531
5 0.75 0.09735576923076927 0.19350961538461542 0.09975961538461542
5 0.7487980769230769 0.6538461538461539 0.1310096153846153 0.06971153846153855
3 0.7451923076923077 0.7175480769230769 0.203125 0.05288461538461531
3 0.7355769230769231 0.9230769230769231 0.24278846153846156 0.055288461538461564
5 0.7235576923076923 0.3389423076923077 0.16586538461538458 0.07211538461538458
3 0.704326923076923 0.8786057692307692 0.3954326923076923 0.10336538461538469
3 0.701923076923077 0.657451923076923 0.3016826923076923 0.06129807692307687
5 0.6887019230769231 0.18870192307692313 0.21875 0.09975961538461542
3 0.6802884615384616 0.09495192307692313 0.5564903846153846 0.11899038461538458
3 0.6742788461538461 0.34254807692307687 0.39903846153846145 0.11418269230769229
5 0.6550480769230769 0.5372596153846153 0.3533653846153847 0.15745192307692313
3 0.6346153846153847 0.20192307692307687 0.5300480769230769 0.12860576923076916
3 0.5072115384615384 0.5432692307692308 0.9375 0.23076923076923073
7 0.9302884615384615 0.5240384615384616 0.10096153846153844 0.08653846153846145
7 0.8918269230769231 0.10336538461538458 0.07211538461538458 0.05168269230769229
7 0.8653846153846154 0.8737980769230769 0.046875 0.04807692307692302
7 0.8497596153846154 0.6322115384615384 0.04206730769230771 0.03245192307692313
7 0.8473557692307692 0.20192307692307687 0.06610576923076927 0.05769230769230771
7 0.844951923076923 0.9362980769230769 0.03605769230769229 0.03125
