4 0.6754807692307692 0.1346153846153846 0.06850961538461531 0.06129807692307693
4 0.6430288461538461 0.24639423076923078 0.05528846153846145 0.055288461538461564
4 0.6682692307692307 0.36177884615384615 0.04567307692307687 0.05168269230769229
4 0.6526442307692307 0.43870192307692313 0.04567307692307687 0.04567307692307693
4 0.6430288461538461 0.5949519230769231 0.03846153846153855 0.04206730769230771
4 0.6502403846153846 0.6935096153846154 0.04086538461538458 0.027644230769230727
4 0.7199519230769231 0.9170673076923077 0.05288461538461542 0.05288461538461542
6 0.6478365384615384 0.7175480769230769 0.05528846153846145 0.05168269230769229
3 0.41947115384615385 0.12980769230769232 0.5865384615384615 0.125
3 0.43149038461538464 0.2451923076923077 0.485576923076923 0.11538461538461542
3 0.45432692307692313 0.34254807692307687 0.4891826923076923 0.08173076923076922
3 0.46875 0.4411057692307693 0.4122596153846154 0.11899038461538464
3 0.4747596153846154 0.5961538461538461 0.4158653846153846 0.11418269230769229
3 0.45072115384615385 0.7379807692307693 0.43629807692307687 0.11899038461538458
3 0.4927884615384616 0.6766826923076923 0.3401442307692307 0.05288461538461542
3 0.4879807692307693 0.9134615384615384 0.5204326923076923 0.125
