7 0.7247596153846154 0.07572115384615384 0.1658653846153847 0.13581730769230768
7 0.22596153846153844 0.12980769230769232 0.31129807692307687 0.22475961538461536
7 0.7175480769230769 0.6262019230769231 0.264423076923077 0.251201923076923
7 0.13942307692307693 0.6370192307692307 0.23557692307692302 0.171875
3 0.7740384615384616 0.24759615384615385 0.4375 0.43629807692307687
3 0.23076923076923078 0.25961538461538464 0.4495192307692307 0.4747596153846153
3 0.7439903846153847 0.7512019230769231 0.4483173076923077 0.4939903846153846
3 0.2295673076923077 0.7692307692307694 0.40264423076923084 0.43028846153846156
1 0.26682692307692313 0.22475961538461536 0.19951923076923084 0.08894230769230768
1 0.18389423076923073 0.6887019230769231 0.09375 0.05168269230769229
1 0.7151442307692308 0.13822115384615385 0.043269230769230727 0.03605769230769229
1 0.7055288461538461 0.7331730769230769 0.05769230769230771 0.038461538461538436
