3 0.8851562500000001 0.55703125 0.13828125000000002 0.85078125
3 0.7960937499999999 0.51953125 0.10078125000000004 0.8460937500000001
3 0.7359374999999999 0.48125000000000007 0.07265624999999998 0.74921875
3 0.6742187500000001 0.53671875 0.12656250000000002 0.8421874999999999
3 0.6031249999999999 0.50625 0.07656249999999998 0.7859375
3 0.528125 0.54375 0.11171874999999998 0.78515625
3 0.56796875 0.18203125 0.057812500000000044 0.21718750000000003
3 0.48359375000000004 0.20390625 0.04531250000000009 0.15703125000000004
3 0.44531250000000006 0.50625 0.10390624999999998 0.7734375
3 0.375 0.50390625 0.0625 0.7140625
3 0.3132812499999999 0.53515625 0.10703125000000002 0.721875
5 0.8843749999999999 0.4234375 0.11875000000000002 0.31562500000000004
5 0.7992187500000001 0.38515625 0.09921875000000002 0.296875
5 0.73828125 0.31796875 0.07187499999999991 0.14999999999999997
5 0.671875 0.40703124999999996 0.11562500000000009 0.30859374999999994
5 0.609375 0.340625 0.08671875000000007 0.22890624999999998
5 0.56640625 0.2859375 0.07500000000000007 0.18671874999999996
5 0.52734375 0.43671875 0.09921874999999991 0.29218749999999993
5 0.44218749999999996 0.38046875 0.09687500000000004 0.2679687499999999
5 0.3203125 0.4203125 0.11406249999999996 0.2890625
