3 0.6826923076923077 0.4483173076923077 0.3653846153846154 0.17548076923076916
3 0.6490384615384616 0.25 0.4014423076923077 0.17788461538461542
3 0.6658653846153846 0.36298076923076933 0.326923076923077 0.10576923076923073
3 0.5096153846153846 0.12259615384615385 0.6141826923076923 0.1983173076923077
3 0.5997596153846154 0.6646634615384616 0.6634615384615383 0.12019230769230771
3 0.5637019230769231 0.7704326923076923 0.6875 0.11298076923076916
3 0.498798076923077 0.8762019230769231 0.5300480769230769 0.11057692307692302
5 0.5048076923076923 0.9471153846153846 0.25 0.10096153846153844
5 0.451923076923077 0.7848557692307693 0.2391826923076923 0.12019230769230771
5 0.49639423076923084 0.6706730769230769 0.24639423076923084 0.11057692307692302
5 0.4050480769230769 0.10937500000000006 0.1971153846153847 0.09014423076923073
7 0.29086538461538464 0.8894230769230769 0.06971153846153844 0.07451923076923073
7 0.3112980769230769 0.8485576923076923 0.07692307692307698 0.046875
6 0.264423076923077 0.7548076923076923 0.09855769230769229 0.08173076923076916
0 0.31009615384615385 0.65625 0.07932692307692313 0.07211538461538458
6 0.3341346153846154 0.9447115384615385 0.07211538461538458 0.07451923076923073
6 0.5348557692307693 0.4050480769230768 0.08413461538461542 0.07692307692307698
6 0.49759615384615385 0.3052884615384616 0.07331730769230771 0.07451923076923073
