7 0.22596153846153844 0.8713942307692308 0.10456730769230771 0.1622596153846153
7 0.8161057692307693 0.8449519230769231 0.08894230769230771 0.171875
5 0.17307692307692307 0.6237980769230769 0.14903846153846156 0.390625
5 0.34134615384615385 0.5348557692307692 0.12620192307692313 0.3497596153846154
5 0.7223557692307693 0.6358173076923077 0.18870192307692313 0.390625
5 0.9194711538461539 0.3713942307692307 0.15745192307692313 0.2235576923076923
5 0.6141826923076923 0.5444711538461539 0.058894230769230727 0.28846153846153855
3 0.16586538461538458 0.4795673076923077 0.21274038461538458 0.9314903846153846
3 0.34975961538461536 0.4314903846153846 0.15745192307692302 0.8329326923076923
3 0.7355769230769231 0.4651442307692307 0.251201923076923 0.9122596153846154
3 0.9074519230769231 0.2512019230769231 0.17307692307692302 0.498798076923077
