0 0.703125 0.06971153846153846 0.08413461538461542 0.08653846153846154
0 0.7235576923076923 0.298076923076923 0.08774038461538458 0.06850961538461536
6 0.796875 0.3689903846153847 0.10336538461538458 0.09495192307692307
6 0.7668269230769231 0.5492788461538461 0.09375 0.08894230769230771
6 0.8088942307692308 0.8689903846153846 0.109375 0.08173076923076927
3 0.37740384615384615 0.06009615384615385 0.7427884615384615 0.1141826923076923
3 0.39783653846153844 0.2704326923076923 0.7644230769230769 0.11298076923076925
3 0.42427884615384615 0.36057692307692313 0.8293269230769231 0.12620192307692307
3 0.4182692307692307 0.5853365384615384 0.8233173076923077 0.21995192307692313
3 0.42427884615384615 0.7788461538461539 0.7980769230769231 0.17067307692307687
3 0.43629807692307687 0.8918269230769231 0.8485576923076923 0.1610576923076923
3 0.4543269230769232 0.14543269230769232 0.18870192307692302 0.05649038461538462
3 0.4471153846153846 0.9627403846153846 0.484375 0.06971153846153844
