2 0.17307692307692307 0.7247596153846154 0.04807692307692302 0.027644230769230727
2 0.22596153846153844 0.24399038461538458 0.23317307692307687 0.1298076923076923
2 0.2692307692307693 0.8689903846153846 0.2608173076923077 0.15264423076923084
2 0.2848557692307692 0.38822115384615385 0.15745192307692302 0.07692307692307687
2 0.030048076923076927 0.4158653846153846 0.04807692307692302 0.03125
2 0.3137019230769231 0.5096153846153846 0.11778846153846156 0.06610576923076927
2 0.3377403846153846 0.7007211538461539 0.08173076923076916 0.04206730769230771
2 0.3485576923076923 0.6274038461538461 0.1875 0.09855769230769229
2 0.3545673076923077 0.751201923076923 0.07211538461538458 0.04206730769230771
2 0.03725961538461536 0.6862980769230769 0.055288461538461564 0.02524038461538458
2 0.03725961538461536 0.6213942307692307 0.04807692307692302 0.02043269230769229
2 0.03725961538461536 0.3629807692307693 0.06129807692307698 0.030048076923076872
2 0.03846153846153849 0.65625 0.038461538461538436 0.02163461538461542
2 0.044471153846153855 0.3076923076923077 0.05769230769230771 0.02524038461538458
2 0.05048076923076922 0.6346153846153847 0.04567307692307698 0.02043269230769229
3 0.5504807692307693 0.8665865384615384 0.84375 0.2548076923076923
3 0.5564903846153846 0.19110576923076933 0.8449519230769231 0.28846153846153844
3 0.5817307692307693 0.4002403846153846 0.7716346153846154 0.1514423076923077
3 0.6105769230769231 0.6598557692307692 0.7235576923076923 0.20432692307692302
3 0.11298076923076922 0.3052884615384615 0.18389423076923073 0.050480769230769273
3 0.11778846153846156 0.41706730769230765 0.22836538461538458 0.06610576923076927
3 0.11899038461538458 0.3605769230769231 0.22235576923076916 0.055288461538461564
3 0.11899038461538458 0.6814903846153846 0.20673076923076916 0.06129807692307698
