2 0.8016826923076923 0.2716346153846154 0.12860576923076916 0.23918269230769235
3 0.6286057692307692 0.5120192307692307 0.2908653846153847 0.9579326923076923
3 0.41466346153846156 0.5204326923076923 0.2451923076923077 0.8966346153846154
5 0.2295673076923077 0.5204326923076923 0.26201923076923084 0.4435096153846154
3 0.2007211538461539 0.5408653846153846 0.31971153846153844 0.9158653846153846
5 0.421875 0.5504807692307693 0.20913461538461542 0.4579326923076923
3 0.8293269230769231 0.5745192307692307 0.2596153846153847 0.8485576923076923
5 0.8209134615384616 0.6081730769230769 0.24278846153846145 0.48076923076923084
4 0.6045673076923077 0.12860576923076922 0.15985576923076916 0.17548076923076922
6 0.45072115384615385 0.1622596153846154 0.1514423076923077 0.16225961538461536
2 0.25961538461538464 0.21033653846153846 0.13221153846153844 0.2427884615384615
