2 0.717548076923077 0.45432692307692313 0.11418269230769229 0.06129807692307687
2 0.6694711538461539 0.6778846153846154 0.1298076923076923 0.06610576923076916
2 0.657451923076923 0.31370192307692313 0.10456730769230771 0.05769230769230771
2 0.6514423076923077 0.6237980769230769 0.09375 0.04326923076923084
2 0.6430288461538461 0.14663461538461542 0.04206730769230771 0.02043269230769229
2 0.640625 0.5588942307692308 0.05889423076923084 0.03485576923076916
2 0.6346153846153846 0.3846153846153846 0.05288461538461531 0.02163461538461542
2 0.6286057692307692 0.19951923076923073 0.09495192307692302 0.05288461538461542
2 0.6213942307692307 0.09735576923076927 0.04567307692307687 0.02163461538461542
3 0.5408653846153846 0.078125 0.21153846153846156 0.06850961538461542
3 0.4951923076923077 0.546875 0.34735576923076916 0.078125
3 0.42908653846153844 0.4591346153846155 0.7043269230769231 0.14182692307692302
3 0.42307692307692313 0.3064903846153846 0.5865384615384617 0.15264423076923084
3 0.3966346153846154 0.1923076923076923 0.5793269230769231 0.10336538461538458
3 0.3689903846153846 0.6730769230769231 0.7331730769230769 0.17067307692307698
