1 0.7427884615384616 0.31009615384615385 0.14903846153846145 0.10096153846153849
1 0.3173076923076923 0.328125 0.125 0.11298076923076922
6 0.46995192307692313 0.35216346153846156 0.125 0.1454326923076923
6 0.5973557692307692 0.3846153846153846 0.11538461538461531 0.12860576923076922
1 0.4723557692307693 0.43990384615384615 0.11057692307692313 0.07692307692307693
1 0.6009615384615384 0.4651442307692308 0.10336538461538458 0.06971153846153844
3 0.8197115384615384 0.5480769230769231 0.32692307692307687 0.9014423076923077
3 0.203125 0.5649038461538461 0.3810096153846154 0.8389423076923077
3 0.46754807692307687 0.6201923076923077 0.23798076923076916 0.7067307692307692
3 0.6105769230769231 0.6466346153846154 0.13942307692307698 0.6706730769230769
6 0.7403846153846154 0.20192307692307693 0.17067307692307698 0.1826923076923077
6 0.2932692307692307 0.23557692307692304 0.171875 0.14663461538461536
