7 0.38701923076923067 0.5853365384615385 0.050480769230769273 0.055288461538461564
7 0.7620192307692307 0.5877403846153846 0.05769230769230771 0.06730769230769229
7 0.7355769230769231 0.6286057692307693 0.043269230769230727 0.05168269230769229
7 0.9435096153846154 0.6382211538461539 0.043269230769230727 0.04567307692307687
7 0.24639423076923073 0.6598557692307693 0.03125 0.03245192307692313
7 0.20192307692307687 0.6658653846153846 0.03245192307692313 0.038461538461538436
3 0.19110576923076922 0.765625 0.08173076923076927 0.24639423076923084
3 0.9567307692307692 0.7704326923076923 0.07211538461538469 0.30048076923076916
3 0.38221153846153844 0.7716346153846154 0.18870192307692313 0.43389423076923084
3 0.24879807692307693 0.7740384615384616 0.12620192307692302 0.2860576923076923
3 0.8004807692307693 0.7776442307692307 0.1358173076923077 0.4326923076923077
3 0.7163461538461539 0.7944711538461539 0.09254807692307687 0.3701923076923077
3 0.8810096153846154 0.8064903846153846 0.10456730769230771 0.3076923076923077
