3 0.8870192307692307 0.265625 0.05168269230769229 0.16225961538461542
3 0.8413461538461539 0.3858173076923077 0.07692307692307687 0.3185096153846154
3 0.8052884615384616 0.25841346153846156 0.06730769230769229 0.1298076923076923
3 0.688701923076923 0.4110576923076923 0.11418269230769229 0.2872596153846154
3 0.3966346153846154 0.6502403846153846 0.14423076923076916 0.5745192307692308
3 0.15504807692307682 0.38221153846153844 0.09735576923076927 0.4302884615384615
3 0.09975961538461542 0.2932692307692307 0.0625 0.24519230769230765
4 0.8521634615384616 0.2439903846153846 0.03846153846153855 0.04326923076923078
4 0.38942307692307687 0.40384615384615385 0.06129807692307687 0.07692307692307693
4 0.15504807692307687 0.19831730769230768 0.05168269230769229 0.05048076923076922
4 0.10096153846153844 0.21514423076923078 0.04086538461538458 0.0625
4 0.7956730769230769 0.21033653846153844 0.027644230769230727 0.02644230769230768
