4 0.39903846153846156 0.06610576923076923 0.0625 0.07932692307692307
4 0.38461538461538464 0.19951923076923078 0.07211538461538469 0.06850961538461539
4 0.3497596153846153 0.25961538461538464 0.07692307692307687 0.0480769230769231
4 0.3016826923076923 0.3317307692307693 0.125 0.12620192307692307
4 0.3557692307692307 0.4543269230769231 0.08894230769230771 0.08894230769230771
4 0.3786057692307692 0.5420673076923077 0.06971153846153844 0.06610576923076927
4 0.4122596153846154 0.6814903846153846 0.0625 0.05769230769230771
3 0.6105769230769231 0.07692307692307693 0.5192307692307692 0.15264423076923078
3 0.5793269230769231 0.1875 0.469951923076923 0.08173076923076925
3 0.6394230769230769 0.2307692307692308 0.6814903846153846 0.10336538461538464
3 0.6057692307692307 0.33052884615384615 0.7487980769230769 0.2115384615384615
3 0.6358173076923077 0.4314903846153846 0.6814903846153846 0.13581730769230765
3 0.6394230769230769 0.53125 0.6286057692307692 0.09375
3 0.609375 0.5973557692307694 0.5096153846153846 0.050480769230769273
3 0.6105769230769231 0.7295673076923077 0.5 0.203125
