6 0.5673076923076923 0.3846153846153847 0.06850961538461542 0.07932692307692307
6 0.5192307692307692 0.40865384615384615 0.055288461538461564 0.07331730769230771
6 0.24639423076923073 0.37139423076923084 0.07211538461538458 0.06370192307692307
4 0.6454326923076923 0.4110576923076923 0.0625 0.06610576923076922
5 0.5829326923076923 0.5612980769230769 0.15024038461538458 0.2560096153846154
5 0.23557692307692318 0.5456730769230769 0.11057692307692302 0.19951923076923084
5 0.38581730769230776 0.45072115384615385 0.027644230769230727 0.06971153846153849
3 0.6802884615384616 0.6418269230769231 0.10817307692307687 0.5216346153846154
3 0.9447115384615384 0.6790865384615384 0.11057692307692313 0.6237980769230769
3 0.5817307692307692 0.6706730769230769 0.13221153846153844 0.6418269230769231
3 0.4891826923076923 0.6514423076923077 0.12139423076923084 0.5685096153846154
3 0.43990384615384615 0.6057692307692307 0.08894230769230771 0.46875
3 0.35096153846153844 0.6105769230769231 0.10456730769230771 0.4615384615384616
3 0.23317307692307687 0.6213942307692307 0.14663461538461542 0.5985576923076923
3 0.054086538461538436 0.5817307692307693 0.09495192307692313 0.37379807692307687
3 0.078125 0.5504807692307694 0.08413461538461542 0.3786057692307693
2 0.4807692307692307 0.4026442307692308 0.03605769230769229 0.046875
2 0.4411057692307693 0.3942307692307692 0.04567307692307687 0.05168269230769229
2 0.3653846153846154 0.4050480769230769 0.04807692307692313 0.055288461538461564
