4 0.7175480769230769 0.46754807692307687 0.046875 0.04807692307692313
4 0.6490384615384616 0.4507211538461539 0.03846153846153855 0.038461538461538436
4 0.5769230769230769 0.45673076923076933 0.038461538461538436 0.038461538461538436
4 0.43149038461538464 0.4158653846153846 0.038461538461538436 0.03605769230769229
4 0.3701923076923077 0.45552884615384615 0.04086538461538458 0.04807692307692313
4 0.3004807692307693 0.45192307692307687 0.04567307692307687 0.04206730769230771
3 0.7235576923076923 0.26442307692307687 0.09975961538461542 0.4435096153846154
3 0.6418269230769231 0.26442307692307687 0.08413461538461542 0.4375
3 0.5745192307692307 0.26923076923076933 0.08894230769230771 0.4591346153846153
3 0.5096153846153846 0.2536057692307693 0.09375 0.4170673076923077
3 0.4314903846153846 0.24639423076923073 0.08894230769230771 0.4014423076923077
3 0.3641826923076923 0.2596153846153846 0.07211538461538458 0.4471153846153846
3 0.2908653846153846 0.2536057692307693 0.09375 0.46995192307692313
