3 0.915625 0.37109375 0.16328125000000004 0.484375
3 0.74609375 0.39609375 0.13671875 0.37343749999999987
3 0.653125 0.42421875 0.09609374999999998 0.29218750000000004
3 0.2140625 0.34453124999999996 0.16562500000000002 0.4859374999999999
3 0.3421875 0.40312499999999996 0.07734375000000004 0.390625
3 0.42968750000000006 0.40390625 0.11171874999999998 0.26875000000000004
3 0.57578125 0.45625000000000004 0.03749999999999987 0.12187499999999996
3 0.6015625 0.4625000000000001 0.03125 0.14218750000000002
5 0.8999999999999999 0.46562499999999996 0.10703125000000002 0.1617187499999999
5 0.7609375 0.45703125 0.09765625 0.1546875000000001
5 0.1945312500000001 0.43125 0.11562499999999998 0.19218749999999996
5 0.33828125 0.45703125 0.0625 0.12421875000000004
5 0.5789062500000001 0.4664062500000001 0.026562500000000044 0.05312499999999998
5 0.60234375 0.47421875 0.028125000000000067 0.059374999999999956
4 0.8703124999999999 0.5609375000000001 0.061718750000000044 0.09531250000000002
4 0.69921875 0.5414062500000001 0.05234374999999991 0.07578125000000002
4 0.63046875 0.5421875 0.043749999999999956 0.06484374999999998
4 0.2609375 0.5421875 0.06796875000000002 0.09921875000000002
4 0.3570312500000001 0.5640625 0.04921874999999998 0.06015625000000013
4 0.38828125 0.4984375 0.0390625 0.059374999999999956
4 0.56953125 0.5023437500000001 0.021874999999999978 0.028906250000000022
4 0.5984375 0.521875 0.020312500000000067 0.029687499999999867
