7 0.6754807692307693 0.6334134615384617 0.02644230769230771 0.024038461538461564
7 0.33533653846153844 0.6478365384615384 0.02644230769230771 0.030048076923076872
6 0.27163461538461536 0.5216346153846154 0.034855769230769273 0.03245192307692313
5 0.6947115384615384 0.6802884615384616 0.04206730769230771 0.06370192307692313
5 0.5288461538461539 0.6622596153846154 0.024038461538461453 0.05769230769230771
5 0.3173076923076923 0.6862980769230769 0.03725961538461542 0.05649038461538458
3 0.2572115384615384 0.6237980769230769 0.06610576923076927 0.25360576923076916
3 0.686298076923077 0.671875 0.05168269230769229 0.109375
3 0.5252403846153847 0.6634615384615383 0.04206730769230771 0.10096153846153844
3 0.3221153846153845 0.6730769230769231 0.055288461538461564 0.09014423076923073
