5 0.5997596153846154 0.2079326923076923 0.23076923076923073 0.24999999999999997
5 0.6430288461538461 0.38701923076923084 0.1766826923076923 0.18870192307692307
5 0.6622596153846153 0.5733173076923077 0.15745192307692313 0.19711538461538458
5 0.5060096153846153 0.7259615384615383 0.31370192307692313 0.3653846153846153
6 0.7848557692307692 0.22596153846153846 0.08653846153846156 0.14423076923076922
3 0.4951923076923077 0.1923076923076923 0.6754807692307692 0.23437499999999997
3 0.5697115384615384 0.3810096153846153 0.5120192307692306 0.17788461538461536
3 0.6165865384615384 0.5817307692307693 0.45192307692307687 0.20913461538461542
3 0.4278846153846154 0.7175480769230769 0.7091346153846154 0.3485576923076923
1 0.7512019230769231 0.23677884615384615 0.02524038461538458 0.08894230769230771
