2 0.5829326923076923 0.8569711538461537 0.06610576923076916 0.038461538461538436
2 0.5637019230769231 0.6502403846153846 0.08413461538461542 0.046875
2 0.5360576923076923 0.4951923076923077 0.09975961538461542 0.05288461538461542
2 0.53125 0.34615384615384615 0.05889423076923084 0.03245192307692313
2 0.5252403846153846 0.3870192307692307 0.055288461538461564 0.03605769230769229
2 0.5168269230769231 0.3004807692307692 0.08173076923076927 0.04086538461538469
2 0.515625 0.4471153846153847 0.07211538461538458 0.03605769230769229
2 0.5096153846153846 0.328125 0.055288461538461564 0.02524038461538458
2 0.48317307692307687 0.03245192307692307 0.06730769230769229 0.034855769230769273
2 0.4795673076923077 0.15024038461538458 0.08413461538461542 0.04206730769230771
2 0.47115384615384615 0.1923076923076923 0.04206730769230771 0.015625
2 0.4651442307692307 0.11177884615384615 0.04206730769230771 0.024038461538461453
3 0.42067307692307687 0.39663461538461536 0.2560096153846154 0.06370192307692302
3 0.4170673076923077 0.8473557692307693 0.3966346153846154 0.11418269230769229
3 0.38221153846153844 0.6346153846153846 0.45432692307692313 0.11899038461538458
3 0.3329326923076923 0.05048076923076922 0.3497596153846154 0.09014423076923073
3 0.32572115384615385 0.5012019230769231 0.4951923076923077 0.1454326923076923
3 0.3245192307692307 0.15384615384615385 0.4170673076923077 0.11778846153846145
3 0.3161057692307693 0.295673076923077 0.4735576923076923 0.1298076923076923
