6 0.594951923076923 0.18028846153846154 0.10456730769230771 0.109375
6 0.4963942307692307 0.3125 0.07331730769230771 0.078125
6 0.4483173076923077 0.3701923076923077 0.0625 0.05288461538461536
6 0.4098557692307693 0.44471153846153844 0.03605769230769229 0.03485576923076922
6 0.4050480769230768 0.6610576923076923 0.050480769230769273 0.04086538461538458
5 0.3497596153846154 0.12620192307692307 0.3545673076923077 0.21754807692307693
5 0.2908653846153846 0.27884615384615385 0.2920673076923077 0.1298076923076923
5 0.3149038461538462 0.36298076923076916 0.19471153846153844 0.06610576923076922
5 0.31129807692307687 0.43028846153846156 0.12860576923076916 0.05889423076923078
5 0.3028846153846154 0.6610576923076923 0.13701923076923084 0.07451923076923073
5 0.36658653846153844 0.7043269230769231 0.10456730769230771 0.05649038461538458
3 0.32572115384615385 0.12139423076923077 0.6418269230769231 0.22355769230769232
3 0.26802884615384615 0.28125 0.5324519230769231 0.125
3 0.24399038461538458 0.36057692307692313 0.4795673076923077 0.07211538461538464
3 0.24158653846153844 0.4278846153846153 0.4014423076923077 0.09254807692307693
3 0.22836538461538458 0.6838942307692307 0.4170673076923077 0.11899038461538458
3 0.30408653846153844 0.7127403846153846 0.3545673076923077 0.109375
