6 0.7644230769230769 0.39182692307692313 0.08413461538461531 0.12620192307692307
6 0.8257211538461539 0.3317307692307692 0.06730769230769229 0.09375
6 0.6478365384615384 0.28846153846153844 0.06129807692307687 0.0949519230769231
6 0.5901442307692308 0.3161057692307692 0.0625 0.109375
6 0.4435096153846155 0.32091346153846156 0.06370192307692302 0.07331730769230771
6 0.23918269230769224 0.32091346153846156 0.08173076923076927 0.09495192307692307
4 0.9591346153846154 0.3173076923076923 0.08173076923076927 0.125
7 0.5685096153846154 0.2776442307692307 0.025240384615384692 0.03725961538461536
3 0.9423076923076923 0.6165865384615384 0.11538461538461542 0.7295673076923077
3 0.7668269230769231 0.6634615384615384 0.1346153846153847 0.6682692307692306
3 0.8425480769230769 0.6033653846153846 0.11298076923076927 0.6598557692307692
3 0.6706730769230769 0.5036057692307693 0.10096153846153844 0.48557692307692313
3 0.6009615384615384 0.6129807692307693 0.1514423076923077 0.7019230769230769
3 0.44591346153846156 0.6237980769230769 0.1670673076923077 0.7235576923076923
3 0.2536057692307693 0.6165865384615384 0.1875 0.7644230769230769
