3 0.4254807692307693 0.8713942307692308 0.7427884615384615 0.23798076923076927
3 0.47596153846153844 0.6802884615384616 0.8425480769230769 0.22596153846153855
3 0.4122596153846154 0.516826923076923 0.7848557692307692 0.1766826923076923
3 0.4495192307692307 0.31129807692307687 0.796875 0.21514423076923084
3 0.2860576923076923 0.1983173076923077 0.5528846153846154 0.3185096153846154
5 0.39182692307692313 0.8737980769230769 0.4783653846153846 0.2295673076923076
5 0.4627403846153846 0.6899038461538461 0.4759615384615383 0.22596153846153855
5 0.4314903846153846 0.4939903846153846 0.4302884615384617 0.1766826923076923
5 0.4278846153846154 0.3137019230769231 0.48076923076923084 0.21153846153846156
5 0.15745192307692313 0.1610576923076923 0.2908653846153846 0.21875
4 0.7067307692307692 0.8341346153846154 0.171875 0.15024038461538458
4 0.7668269230769231 0.26802884615384615 0.14903846153846156 0.11418269230769229
4 0.4567307692307693 0.24038461538461547 0.18149038461538458 0.15745192307692302
