2 0.9807692307692308 0.6995192307692307 0.030048076923076983 0.04206730769230771
5 0.8725961538461539 0.6334134615384616 0.10096153846153855 0.1358173076923077
5 0.7115384615384615 0.6310096153846154 0.08173076923076927 0.11538461538461542
5 0.5697115384615384 0.6105769230769231 0.16346153846153855 0.23798076923076916
5 0.3221153846153846 0.5877403846153846 0.1923076923076923 0.2716346153846154
3 0.7043269230769231 0.5745192307692307 0.09014423076923073 0.3545673076923077
3 0.7716346153846154 0.5685096153846154 0.09014423076923084 0.2716346153846153
3 0.8677884615384615 0.5456730769230769 0.12139423076923073 0.41346153846153844
5 0.14663461538461542 0.5348557692307692 0.18149038461538458 0.31971153846153844
3 0.3329326923076923 0.45432692307692313 0.19711538461538458 0.7572115384615383
3 0.5588942307692308 0.4423076923076923 0.2127403846153847 0.7908653846153846
3 0.15625 0.40625 0.20673076923076916 0.8088942307692308
