3 0.8185096153846154 0.4326923076923077 0.21995192307692302 0.84375
3 0.18870192307692313 0.5300480769230769 0.2716346153846154 0.6802884615384616
3 0.09615384615384615 0.6057692307692308 0.13942307692307687 0.5901442307692307
3 0.044471153846153855 0.8185096153846154 0.08293269230769229 0.3125
5 0.8185096153846154 0.5913461538461539 0.15745192307692302 0.31370192307692313
5 0.21514423076923073 0.7223557692307692 0.140625 0.15625
5 0.09735576923076922 0.6598557692307692 0.14423076923076927 0.2848557692307693
5 0.039663461538461564 0.8329326923076923 0.07692307692307687 0.15024038461538458
6 0.7560096153846154 0.7932692307692308 0.07692307692307698 0.1346153846153847
6 0.2740384615384615 0.8293269230769231 0.08173076923076927 0.08653846153846156
6 0.08413461538461542 0.8497596153846154 0.06850961538461542 0.09254807692307698
7 0.044471153846153855 0.9507211538461539 0.04807692307692313 0.04206730769230771
