5 0.6262019230769231 0.8713942307692307 0.3221153846153847 0.10817307692307687
5 0.5552884615384616 0.9423076923076923 0.21754807692307687 0.05288461538461542
5 0.5336538461538461 0.7836538461538461 0.34254807692307687 0.09495192307692313
5 0.5060096153846154 0.6165865384615384 0.4314903846153846 0.14182692307692313
3 0.5036057692307693 0.47716346153846156 0.9855769230769231 0.2391826923076923
3 0.4963942307692307 0.8713942307692308 0.9387019230769231 0.11778846153846156
3 0.4951923076923077 0.27524038461538464 0.9723557692307692 0.2860576923076923
5 0.4831730769230769 0.6959134615384617 0.391826923076923 0.11778846153846156
5 0.46875 0.47596153846153844 0.5 0.2115384615384615
3 0.4651442307692307 0.609375 0.9278846153846154 0.11899038461538458
3 0.45432692307692313 0.7884615384615384 0.8557692307692308 0.09495192307692313
3 0.44591346153846156 0.7019230769230769 0.8737980769230769 0.10576923076923073
5 0.3918269230769231 0.055288461538461536 0.389423076923077 0.09254807692307693
5 0.3485576923076923 0.2620192307692308 0.5997596153846154 0.20432692307692304
7 0.9026442307692308 0.5060096153846154 0.1562499999999999 0.1634615384615385
6 0.8954326923076923 0.8858173076923077 0.09735576923076916 0.10576923076923073
7 0.8822115384615385 0.3161057692307693 0.18028846153846156 0.20793269230769235
7 0.8653846153846154 0.13221153846153846 0.13701923076923084 0.12860576923076922
7 0.8581730769230769 0.6213942307692307 0.13701923076923073 0.11538461538461542
6 0.8197115384615384 0.7872596153846154 0.13221153846153855 0.09014423076923073
4 0.7992788461538461 0.7151442307692306 0.14182692307692313 0.10096153846153844
