5 0.7067307692307692 0.5769230769230769 0.251201923076923 0.1514423076923077
5 0.5276442307692308 0.7596153846153846 0.21153846153846156 0.11899038461538458
5 0.7752403846153846 0.4014423076923077 0.19951923076923084 0.09975961538461542
5 0.3545673076923077 0.8185096153846154 0.19350961538461542 0.11418269230769229
3 0.7716346153846154 0.4026442307692308 0.358173076923077 0.11538461538461531
3 0.5661057692307693 0.5841346153846154 0.7079326923076923 0.16225961538461542
3 0.7800480769230769 0.5036057692307693 0.18389423076923073 0.10096153846153855
3 0.4495192307692308 0.7512019230769231 0.4435096153846153 0.14423076923076916
3 0.3149038461538461 0.8269230769230769 0.30528846153846156 0.17788461538461542
2 0.8016826923076923 0.484375 0.09735576923076916 0.05288461538461542
2 0.9098557692307692 0.41586538461538464 0.07451923076923073 0.043269230769230727
2 0.8810096153846154 0.5889423076923077 0.07692307692307698 0.0625
2 0.6069711538461539 0.7848557692307693 0.09495192307692313 0.04567307692307687
