6 0.8245192307692308 0.5372596153846153 0.04807692307692302 0.03605769230769229
6 0.688701923076923 0.5697115384615383 0.04206730769230771 0.04086538461538469
6 0.33052884615384615 0.5841346153846153 0.03245192307692313 0.04206730769230771
6 0.2560096153846154 0.5733173076923077 0.03605769230769229 0.05048076923076916
5 0.8221153846153846 0.4326923076923077 0.11057692307692302 0.14663461538461542
5 0.6850961538461539 0.453125 0.12620192307692313 0.17548076923076916
5 0.32932692307692313 0.47475961538461536 0.09855769230769229 0.18629807692307698
5 0.2512019230769232 0.45552884615384615 0.10096153846153844 0.18629807692307687
3 0.8221153846153846 0.3798076923076923 0.12139423076923084 0.39423076923076916
3 0.6887019230769231 0.4122596153846154 0.12379807692307698 0.37139423076923084
3 0.33173076923076933 0.4302884615384615 0.09014423076923073 0.3629807692307693
3 0.25600961538461536 0.4254807692307693 0.10817307692307698 0.34254807692307687
