1 0.8305288461538461 0.33653846153846156 0.12379807692307687 0.10456730769230771
1 0.5060096153846154 0.3653846153846154 0.11298076923076927 0.08774038461538464
5 0.8473557692307692 0.7019230769230769 0.295673076923077 0.4627403846153846
5 0.4639423076923077 0.7620192307692307 0.34014423076923084 0.4639423076923077
5 0.17548076923076927 0.6923076923076923 0.34495192307692313 0.6057692307692308
3 0.8052884615384616 0.5709134615384616 0.3485576923076923 0.8389423076923077
3 0.49879807692307687 0.5793269230769231 0.34375 0.7860576923076923
3 0.22475961538461542 0.5 0.4471153846153846 0.9651442307692308
2 0.8665865384615384 0.2704326923076923 0.19471153846153855 0.2379807692307692
2 0.49158653846153844 0.3473557692307692 0.1514423076923077 0.2860576923076923
2 0.29927884615384615 0.20552884615384615 0.29567307692307687 0.3798076923076923
