3 0.5276442307692307 0.20673076923076922 0.9158653846153846 0.264423076923077
3 0.5997596153846154 0.389423076923077 0.78125 0.23918269230769235
3 0.48076923076923084 0.5504807692307692 0.5841346153846154 0.16826923076923073
3 0.5853365384615384 0.7127403846153846 0.8173076923076923 0.3125
7 0.14903846153846154 0.25120192307692313 0.1490384615384615 0.15024038461538464
7 0.2872596153846153 0.3954326923076923 0.16706730769230765 0.16586538461538458
7 0.25 0.6911057692307694 0.1526442307692308 0.15985576923076927
6 0.25961538461538464 0.5661057692307694 0.15625 0.11778846153846156
5 0.6009615384615384 0.21153846153846156 0.5877403846153846 0.25
5 0.7331730769230769 0.3870192307692307 0.5120192307692308 0.26442307692307687
5 0.6682692307692307 0.5504807692307693 0.5120192307692306 0.18629807692307687
5 0.7151442307692307 0.6983173076923077 0.5588942307692306 0.2908653846153846
