3 0.28046875 0.65078125 0.09921875000000002 0.3828125
3 0.33671874999999996 0.53828125 0.047656249999999956 0.2109375
3 0.43046874999999996 0.61875 0.09843749999999996 0.35468750000000004
3 0.5328124999999999 0.57578125 0.07265624999999998 0.3023437500000001
3 0.5882812500000001 0.69609375 0.15781250000000002 0.6078125000000001
3 0.76171875 0.69765625 0.14921874999999996 0.6046875
3 0.66796875 0.60390625 0.06875000000000009 0.38749999999999996
3 0.80859375 0.54140625 0.07578124999999991 0.30078125
5 0.765625 0.63203125 0.12265624999999991 0.25078125000000007
5 0.6671875 0.5375 0.06796875000000002 0.14218749999999997
5 0.59140625 0.60859375 0.10546875 0.234375
5 0.5437500000000001 0.55390625 0.053906250000000044 0.14999999999999997
5 0.80078125 0.49765625 0.051562499999999956 0.08046875000000003
5 0.42968750000000006 0.57109375 0.07656249999999998 0.14765624999999993
5 0.3367187499999999 0.509375 0.03671875000000002 0.07421875
5 0.2835937499999999 0.59453125 0.08359375000000002 0.16484375000000007
0 0.7937500000000001 0.4125 0.039843749999999956 0.0546875
0 0.753125 0.4359375 0.06796875000000002 0.08515624999999999
0 0.66953125 0.43828125000000007 0.034375000000000044 0.03593750000000001
0 0.60078125 0.4328125 0.05312499999999998 0.07421875
0 0.28671875 0.48671875 0.050000000000000044 0.05312500000000003
6 0.3367187499999999 0.4578125 0.028906250000000022 0.04140624999999998
6 0.4359375 0.46875 0.035937499999999956 0.04609374999999999
6 0.55 0.45078125 0.03671875000000002 0.04843750000000002
