5 0.811298076923077 0.40264423076923067 0.11418269230769229 0.22235576923076927
5 0.7091346153846154 0.42307692307692313 0.11778846153846156 0.2139423076923077
5 0.6057692307692308 0.43028846153846156 0.12139423076923073 0.21995192307692313
5 0.3966346153846154 0.4110576923076923 0.09855769230769229 0.20673076923076916
5 0.28485576923076933 0.4254807692307693 0.10576923076923073 0.20192307692307687
4 0.8161057692307692 0.5817307692307692 0.06971153846153844 0.06971153846153844
4 0.7079326923076923 0.5877403846153846 0.06850961538461542 0.05889423076923084
4 0.7451923076923077 0.6598557692307692 0.06610576923076916 0.0625
4 0.641826923076923 0.6634615384615384 0.05168269230769229 0.05528846153846145
4 0.6009615384615385 0.6129807692307692 0.06610576923076927 0.05288461538461531
4 0.5036057692307692 0.5865384615384616 0.05649038461538458 0.05528846153846145
4 0.4747596153846154 0.6442307692307692 0.05889423076923084 0.05889423076923084
4 0.4002403846153846 0.5745192307692307 0.05168269230769229 0.06370192307692313
4 0.3509615384615385 0.6081730769230769 0.058894230769230727 0.06370192307692302
4 0.2872596153846155 0.592548076923077 0.06971153846153844 0.06730769230769229
4 0.20192307692307687 0.5877403846153847 0.05769230769230771 0.06730769230769229
3 0.8293269230769231 0.3064903846153846 0.1466346153846153 0.6105769230769231
3 0.7067307692307692 0.3233173076923077 0.12379807692307698 0.5901442307692308
3 0.6021634615384616 0.3317307692307693 0.12019230769230771 0.6201923076923077
3 0.4963942307692307 0.3245192307692307 0.12620192307692313 0.5625
3 0.6442307692307692 0.6213942307692307 0.07932692307692302 0.1610576923076923
3 0.7463942307692307 0.6117788461538461 0.06730769230769229 0.17067307692307687
3 0.46153846153846156 0.592548076923077 0.06129807692307687 0.1358173076923077
3 0.39182692307692313 0.31490384615384615 0.109375 0.5576923076923077
3 0.35216346153846156 0.5552884615384616 0.07692307692307687 0.171875
3 0.2800480769230769 0.3341346153846154 0.12139423076923073 0.5637019230769231
3 0.16826923076923073 0.3317307692307693 0.16586538461538458 0.5769230769230769
