2 0.5588942307692308 0.298076923076923 0.07451923076923073 0.16225961538461536
2 0.09735576923076933 0.30889423076923084 0.07451923076923073 0.17668269230769235
2 0.8317307692307693 0.33533653846153844 0.08293269230769229 0.1766826923076923
2 0.33052884615384615 0.33533653846153844 0.11057692307692313 0.2295673076923077
2 0.7007211538461539 0.3581730769230769 0.11057692307692313 0.21153846153846156
3 0.08774038461538458 0.59375 0.171875 0.7776442307692308
3 0.5552884615384616 0.5997596153846154 0.1983173076923077 0.7776442307692308
3 0.30408653846153844 0.6009615384615384 0.2608173076923077 0.7740384615384615
3 0.6862980769230769 0.6201923076923077 0.21514423076923073 0.7307692307692308
3 0.8293269230769231 0.6213942307692307 0.20432692307692302 0.7548076923076923
