4 0.6394230769230769 0.21514423076923073 0.07211538461538458 0.05168269230769229
4 0.7151442307692308 0.7884615384615384 0.06850961538461542 0.04206730769230771
4 0.7067307692307692 0.9387019230769231 0.07932692307692302 0.043269230769230727
6 0.6850961538461539 0.7379807692307692 0.06370192307692313 0.034855769230769273
6 0.6370192307692307 0.35817307692307687 0.06370192307692313 0.03245192307692313
6 0.704326923076923 0.890625 0.07331730769230771 0.04086538461538458
6 0.717548076923077 0.9831730769230769 0.09855769230769229 0.033653846153846145
6 0.7752403846153846 0.9723557692307693 0.07211538461538458 0.05168269230769229
3 0.42908653846153844 0.9711538461538461 0.7740384615384615 0.05528846153846145
3 0.46754807692307687 0.9350961538461539 0.6730769230769231 0.07692307692307687
3 0.44471153846153844 0.8846153846153846 0.6033653846153846 0.06610576923076916
3 0.4591346153846154 0.8401442307692307 0.5360576923076923 0.06730769230769229
3 0.4903846153846154 0.7800480769230769 0.5036057692307692 0.09495192307692302
3 0.5144230769230769 0.7295673076923077 0.4278846153846154 0.05288461538461542
3 0.4579326923076923 0.3533653846153846 0.45673076923076916 0.07331730769230771
3 0.3557692307692307 0.20552884615384615 0.6610576923076923 0.1454326923076923
2 0.6658653846153846 0.8365384615384616 0.07451923076923084 0.030048076923076872
