3 0.9338942307692308 0.19471153846153844 0.12499999999999989 0.34375
6 0.21153846153846156 0.2403846153846154 0.05288461538461542 0.04326923076923078
3 0.7980769230769231 0.25120192307692313 0.11057692307692302 0.16105769230769235
7 0.39903846153846156 0.30528846153846156 0.05649038461538458 0.0625
3 0.7115384615384616 0.31971153846153844 0.19711538461538458 0.5384615384615385
3 0.22596153846153844 0.3557692307692308 0.109375 0.295673076923077
5 0.21995192307692313 0.35576923076923084 0.08774038461538458 0.12620192307692307
3 0.3942307692307693 0.38341346153846156 0.078125 0.21995192307692307
2 0.7956730769230769 0.04086538461538462 0.06610576923076927 0.07211538461538461
3 0.796875 0.08653846153846154 0.09975961538461542 0.15985576923076922
7 0.6682692307692308 0.09014423076923077 0.078125 0.09975961538461539
