1 0.3846153846153846 0.31490384615384615 0.15024038461538458 0.08653846153846151
1 0.21033653846153844 0.34495192307692313 0.12379807692307687 0.07451923076923078
7 0.5997596153846153 0.3473557692307692 0.25120192307692313 0.22596153846153844
1 0.8461538461538461 0.358173076923077 0.21995192307692313 0.10576923076923078
1 0.5721153846153846 0.48677884615384615 0.1622596153846153 0.07692307692307687
3 0.8461538461538461 0.5180288461538461 0.2920673076923077 0.9483173076923077
3 0.40384615384615385 0.5300480769230769 0.21754807692307687 0.9254807692307692
3 0.18149038461538458 0.5564903846153846 0.2548076923076923 0.8485576923076923
3 0.6057692307692308 0.6081730769230769 0.2716346153846153 0.7776442307692308
6 0.38942307692307687 0.19230769230769232 0.21274038461538458 0.21274038461538464
7 0.21274038461538464 0.23798076923076922 0.19471153846153844 0.17548076923076925
