3 0.45432692307692313 0.5721153846153846 0.2704326923076923 0.21514423076923084
3 0.7451923076923077 0.5324519230769231 0.26201923076923084 0.16826923076923084
3 0.6322115384615384 0.8257211538461539 0.2560096153846154 0.2295673076923077
7 0.546875 0.6442307692307693 0.09014423076923084 0.07211538461538458
7 0.6742788461538461 0.5384615384615384 0.10096153846153855 0.07932692307692313
7 0.6622596153846154 0.8185096153846154 0.10576923076923073 0.078125
5 0.4651442307692307 0.5492788461538461 0.21274038461538458 0.14182692307692313
5 0.7896634615384616 0.5348557692307693 0.15504807692307687 0.1298076923076923
5 0.6442307692307692 0.8665865384615385 0.18149038461538458 0.08653846153846156
5 0.5793269230769231 0.14182692307692307 0.125 0.11778846153846155
7 0.5997596153846154 0.056490384615384616 0.10336538461538469 0.06129807692307691
3 0.5925480769230769 0.125 0.1875 0.19350961538461542
