3 0.1953125 0.55 0.11093749999999991 0.43359375
3 0.453125 0.5640625 0.09687500000000004 0.43437499999999996
3 0.4140625 0.54140625 0.06093750000000009 0.3515625
3 0.66015625 0.5578125 0.12656250000000002 0.47421874999999997
3 0.7296875 0.5125 0.07421875 0.37109375
3 0.8648437499999999 0.62578125 0.18593749999999998 0.7484375000000001
4 0.19140625 0.375 0.059374999999999956 0.08437500000000003
4 0.40546874999999993 0.3984375 0.050000000000000044 0.06093749999999998
4 0.45546875 0.37734375 0.055468749999999956 0.05625000000000002
4 0.66015625 0.359375 0.06093749999999998 0.06562499999999999
4 0.734375 0.36250000000000004 0.039843749999999956 0.06718750000000001
