7 0.23557692307692307 0.3401442307692308 0.12139423076923075 0.13221153846153844
7 0.36778846153846156 0.42067307692307687 0.03725961538461536 0.04206730769230771
7 0.8497596153846154 0.6153846153846154 0.10576923076923073 0.10817307692307698
7 0.5637019230769231 0.38942307692307687 0.034855769230769273 0.04567307692307687
7 0.5228365384615384 0.41466346153846156 0.030048076923076872 0.04206730769230771
5 0.22235576923076922 0.12019230769230771 0.17548076923076925 0.22836538461538458
5 0.4903846153846153 0.35697115384615385 0.04807692307692307 0.09855769230769229
5 0.6009615384615384 0.33653846153846156 0.05769230769230771 0.09975961538461542
5 0.8846153846153846 0.3377403846153846 0.18629807692307698 0.40264423076923084
3 0.21754807692307693 0.20673076923076927 0.20913461538461542 0.40625
3 0.3533653846153846 0.35336538461538464 0.08173076923076922 0.18870192307692302
3 0.5 0.35096153846153844 0.07211538461538458 0.18870192307692313
3 0.5901442307692307 0.29567307692307687 0.10336538461538458 0.24038461538461542
3 0.8365384615384616 0.39903846153846156 0.2920673076923077 0.6177884615384615
