7 0.8978365384615384 0.2704326923076923 0.13942307692307687 0.16586538461538458
7 0.6802884615384616 0.32572115384615385 0.15024038461538458 0.1826923076923077
7 0.7728365384615384 0.34134615384615385 0.08894230769230771 0.1610576923076923
7 0.49759615384615385 0.2487980769230769 0.1514423076923077 0.16706730769230765
7 0.25721153846153844 0.3545673076923077 0.09254807692307687 0.109375
7 0.109375 0.3004807692307692 0.125 0.14182692307692304
3 0.8834134615384616 0.5901442307692307 0.2139423076923077 0.8125
3 0.7067307692307692 0.5769230769230769 0.19951923076923073 0.671875
3 0.5036057692307692 0.5721153846153846 0.328125 0.8125
3 0.11418269230769229 0.5853365384615384 0.20673076923076916 0.7019230769230769
3 0.27764423076923067 0.6021634615384616 0.14903846153846156 0.6706730769230769
