6 0.7548076923076923 0.7716346153846154 0.07451923076923084 0.078125
7 0.7439903846153846 0.6274038461538461 0.08173076923076927 0.07932692307692313
6 0.7427884615384616 0.45552884615384615 0.06850961538461542 0.06370192307692307
7 0.6274038461538461 0.24038461538461542 0.06730769230769229 0.06250000000000003
5 0.5588942307692307 0.7764423076923077 0.25120192307692313 0.15024038461538458
5 0.5240384615384616 0.46153846153846156 0.26682692307692313 0.15504807692307687
5 0.5192307692307693 0.6370192307692307 0.28004807692307687 0.14182692307692313
5 0.4411057692307693 0.22475961538461542 0.23557692307692313 0.14663461538461542
3 0.42908653846153844 0.8016826923076923 0.7668269230769231 0.23798076923076916
3 0.39903846153846156 0.6298076923076923 0.7860576923076923 0.22235576923076916
3 0.39783653846153844 0.4591346153846154 0.7668269230769231 0.19711538461538464
3 0.36057692307692313 0.21153846153846154 0.6730769230769231 0.23557692307692307
