3 0.7355769230769231 0.16947115384615385 0.18629807692307698 0.04807692307692307
3 0.6754807692307694 0.12379807692307693 0.08653846153846156 0.05528846153846155
3 0.4591346153846153 0.4855769230769231 0.18629807692307687 0.06370192307692302
3 0.41466346153846156 0.6081730769230769 0.1514423076923077 0.046875
3 0.4831730769230769 0.9254807692307693 0.15264423076923073 0.05649038461538458
3 0.4338942307692308 0.9435096153846154 0.10096153846153844 0.034855769230769273
5 0.4362980769230769 0.47716346153846156 0.07692307692307698 0.03846153846153849
5 0.39783653846153844 0.6057692307692307 0.06971153846153855 0.03605769230769229
4 0.6550480769230769 0.12379807692307693 0.03725961538461542 0.025240384615384623
7 0.6610576923076923 0.1622596153846154 0.03125 0.027644230769230782
7 0.389423076923077 0.4831730769230769 0.030048076923076872 0.024038461538461564
7 0.3557692307692308 0.6177884615384617 0.034855769230769273 0.024038461538461564
7 0.4230769230769231 0.9254807692307694 0.034855769230769273 0.019230769230769273
7 0.40024038461538464 0.9483173076923077 0.024038461538461564 0.019230769230769273
