2 0.32932692307692313 0.6490384615384616 0.04086538461538458 0.06730769230769229
2 0.7596153846153846 0.6322115384615384 0.05288461538461542 0.10096153846153855
2 0.4254807692307693 0.6298076923076923 0.05649038461538458 0.09735576923076916
2 0.1298076923076923 0.6262019230769231 0.05649038461538458 0.09014423076923073
2 0.060096153846153855 0.6262019230769231 0.03605769230769229 0.07451923076923073
2 0.2956730769230768 0.6189903846153846 0.050480769230769273 0.08413461538461531
2 0.657451923076923 0.6057692307692308 0.03605769230769229 0.06971153846153844
2 0.5504807692307693 0.59375 0.05769230769230771 0.09014423076923084
2 0.828125 0.5925480769230769 0.046875 0.08413461538461531
2 0.7115384615384616 0.5925480769230769 0.04807692307692313 0.07211538461538458
2 0.90625 0.5564903846153846 0.06850961538461542 0.10336538461538458
3 0.060096153846153855 0.5324519230769231 0.08293269230769229 0.2872596153846153
3 0.640625 0.4747596153846154 0.08413461538461542 0.34735576923076916
3 0.28125000000000006 0.42067307692307687 0.12139423076923073 0.4951923076923077
3 0.40865384615384615 0.4158653846153846 0.13942307692307687 0.5048076923076923
3 0.1274038461538462 0.40745192307692313 0.16346153846153844 0.5252403846153846
3 0.5408653846153847 0.40384615384615385 0.13942307692307687 0.49278846153846145
3 0.7584134615384616 0.39302884615384615 0.1358173076923077 0.5829326923076923
3 0.9194711538461539 0.3125 0.15504807692307687 0.6057692307692308
