2 0.24879807692307687 0.29326923076923084 0.08894230769230771 0.17668269230769235
2 0.5060096153846154 0.31129807692307687 0.08413461538461542 0.16706730769230765
2 0.6730769230769231 0.31971153846153844 0.03725961538461542 0.08293269230769229
2 0.6310096153846154 0.32091346153846156 0.03725961538461542 0.07331730769230771
2 0.8665865384615384 0.32451923076923084 0.04567307692307687 0.07932692307692307
2 0.9362980769230769 0.3245192307692307 0.07932692307692302 0.14663461538461536
2 0.7752403846153846 0.32572115384615385 0.03125 0.06971153846153849
2 0.37740384615384615 0.33413461538461536 0.03605769230769229 0.06971153846153844
2 0.4254807692307692 0.3401442307692307 0.055288461538461564 0.12379807692307693
2 0.7259615384615384 0.34735576923076916 0.08293269230769229 0.15504807692307693
3 0.8509615384615384 0.4879807692307693 0.10096153846153855 0.37620192307692313
3 0.24399038461538458 0.6057692307692307 0.23798076923076916 0.7644230769230769
3 0.9158653846153846 0.6117788461538461 0.14182692307692302 0.7355769230769231
3 0.5072115384615384 0.6141826923076923 0.19350961538461542 0.75
3 0.7223557692307692 0.6370192307692307 0.17067307692307698 0.703125
