2 0.8942307692307693 0.7451923076923077 0.125 0.22235576923076916
2 0.47596153846153844 0.7259615384615384 0.07932692307692313 0.14423076923076916
2 0.7524038461538461 0.7079326923076923 0.07932692307692313 0.15985576923076916
2 0.6911057692307693 0.7055288461538461 0.05288461538461542 0.11778846153846145
2 0.2427884615384615 0.6766826923076923 0.11298076923076927 0.20913461538461542
3 0.6634615384615384 0.4747596153846154 0.09495192307692313 0.6262019230769231
3 0.8918269230769231 0.4338942307692307 0.20192307692307698 0.8341346153846154
3 0.48317307692307687 0.40745192307692313 0.22235576923076916 0.7872596153846154
3 0.2295673076923077 0.4026442307692307 0.23798076923076916 0.8016826923076923
3 0.7596153846153846 0.39783653846153844 0.13942307692307698 0.7920673076923077
