6 0.19711538461538458 0.4639423076923077 0.04206730769230771 0.05889423076923078
6 0.360576923076923 0.49399038461538464 0.04206730769230771 0.06610576923076927
6 0.43629807692307687 0.4639423076923077 0.03485576923076916 0.05889423076923078
6 0.5697115384615384 0.4627403846153847 0.03245192307692313 0.06129807692307693
6 0.8004807692307693 0.33653846153846156 0.07331730769230771 0.06129807692307693
5 0.23798076923076922 0.49879807692307687 0.08653846153846156 0.12019230769230765
5 0.33774038461538464 0.5372596153846154 0.09014423076923073 0.10336538461538458
5 0.47836538461538464 0.5192307692307693 0.0576923076923076 0.10336538461538458
5 0.6346153846153846 0.5192307692307694 0.078125 0.14423076923076927
5 0.8028846153846154 0.4951923076923077 0.14903846153846156 0.20673076923076916
3 0.23076923076923073 0.5757211538461539 0.11418269230769229 0.31129807692307687
3 0.34495192307692313 0.5985576923076923 0.12139423076923084 0.2908653846153846
3 0.467548076923077 0.5612980769230769 0.11418269230769229 0.2548076923076923
3 0.6153846153846154 0.5685096153846154 0.15625 0.2860576923076923
3 0.7980769230769231 0.5612980769230769 0.21754807692307698 0.5192307692307692
