7 0.033653846153846145 0.3473557692307692 0.02644230769230771 0.024038461538461564
6 0.31850961538461536 0.3810096153846155 0.06610576923076927 0.06971153846153844
6 0.389423076923077 0.36658653846153844 0.04567307692307687 0.03605769230769229
6 0.5901442307692308 0.3846153846153846 0.06610576923076927 0.07211538461538458
6 0.7307692307692306 0.4338942307692308 0.06971153846153844 0.06971153846153844
6 0.8389423076923077 0.42307692307692313 0.08413461538461542 0.0625
4 0.5324519230769231 0.3653846153846155 0.038461538461538436 0.038461538461538436
4 0.6730769230769231 0.37500000000000006 0.04807692307692313 0.058894230769230727
4 0.9122596153846154 0.4278846153846154 0.046875 0.04206730769230771
5 0.03245192307692307 0.28846153846153844 0.04807692307692302 0.07932692307692313
5 0.2980769230769231 0.22235576923076927 0.10817307692307698 0.2451923076923077
5 0.38341346153846156 0.2704326923076923 0.05168269230769229 0.14423076923076916
5 0.528846153846154 0.28365384615384615 0.055288461538461564 0.12019230769230771
5 0.5913461538461539 0.2139423076923077 0.12379807692307687 0.24399038461538458
5 0.7451923076923077 0.2608173076923077 0.14663461538461542 0.24038461538461542
5 0.6634615384615384 0.25721153846153844 0.06850961538461542 0.17307692307692313
5 0.8629807692307693 0.22716346153846156 0.11057692307692313 0.2704326923076923
5 0.9194711538461539 0.32451923076923067 0.08293269230769229 0.14423076923076927
3 0.038461538461538436 0.27524038461538464 0.06730769230769229 0.17307692307692302
3 0.29927884615384615 0.21634615384615385 0.13942307692307687 0.40504807692307687
3 0.3954326923076923 0.22836538461538453 0.09014423076923084 0.326923076923077
3 0.5276442307692307 0.23798076923076933 0.06730769230769229 0.3088942307692307
3 0.6021634615384616 0.20913461538461542 0.1298076923076923 0.40985576923076916
3 0.6730769230769231 0.2536057692307693 0.07692307692307698 0.296875
3 0.7379807692307692 0.2427884615384615 0.15264423076923073 0.4627403846153847
3 0.8509615384615384 0.2548076923076923 0.15625 0.41826923076923084
3 0.9110576923076923 0.27884615384615385 0.109375 0.35817307692307687
