3 0.63828125 0.18515625 0.7234375 0.28828125
3 0.6640625 0.38828125 0.671875 0.19140625
3 0.68125 0.58671875 0.6328125 0.21249999999999997
3 0.69375 0.7375 0.6117187499999999 0.15781250000000002
3 0.65546875 0.88515625 0.6890624999999999 0.21015625000000004
5 0.56796875 0.87890625 0.28203124999999996 0.16093750000000007
5 0.63125 0.390625 0.3101562500000001 0.17265625
6 0.3390625 0.23203125 0.12890625 0.12578125
4 0.38203125000000004 0.403125 0.10234375000000001 0.09531250000000002
2 0.44453125 0.5734375 0.15546874999999993 0.08906250000000004
2 0.4609375 0.73046875 0.12890625 0.08281249999999996
6 0.37265625 0.86015625 0.12343750000000003 0.08203125
