2 0.8725961538461539 0.28725961538461536 0.12019230769230771 0.19951923076923073
2 0.7115384615384615 0.3473557692307692 0.09735576923076927 0.18028846153846156
2 0.48197115384615385 0.3798076923076923 0.08894230769230771 0.15264423076923084
2 0.6610576923076923 0.38461538461538464 0.046875 0.12379807692307698
2 0.3341346153846155 0.40384615384615385 0.06370192307692302 0.12019230769230771
2 0.3966346153846154 0.4182692307692308 0.06850961538461542 0.1298076923076924
2 0.16947115384615385 0.4254807692307692 0.07331730769230771 0.12379807692307698
3 0.8966346153846154 0.5841346153846154 0.18028846153846156 0.7860576923076923
3 0.7151442307692308 0.6189903846153846 0.1658653846153847 0.7091346153846154
3 0.4807692307692308 0.6454326923076923 0.19951923076923073 0.671875
3 0.359375 0.6682692307692307 0.13100961538461542 0.609375
3 0.15745192307692313 0.6754807692307693 0.16586538461538458 0.6394230769230769
