2 0.4122596153846153 0.6454326923076923 0.03245192307692307 0.07211538461538458
2 0.30288461538461536 0.6442307692307692 0.046875 0.08173076923076927
2 0.6213942307692307 0.6418269230769231 0.04086538461538458 0.07211538461538469
2 0.3329326923076923 0.6394230769230769 0.03725961538461536 0.07211538461538458
2 0.10096153846153846 0.6358173076923077 0.030048076923076927 0.05288461538461542
2 0.890625 0.6310096153846154 0.05288461538461542 0.08774038461538469
2 0.14783653846153846 0.6310096153846154 0.06129807692307693 0.10576923076923073
2 0.2668269230769231 0.6237980769230769 0.034855769230769246 0.07211538461538458
2 0.4963942307692308 0.6189903846153846 0.038461538461538436 0.06850961538461531
2 0.7860576923076923 0.6057692307692308 0.046875 0.06850961538461542
3 0.41346153846153844 0.48557692307692313 0.08413461538461542 0.37139423076923084
3 0.5096153846153846 0.45432692307692313 0.10576923076923078 0.3966346153846154
3 0.625 0.453125 0.10576923076923073 0.4435096153846154
3 0.2908653846153846 0.4254807692307693 0.11538461538461536 0.5240384615384615
3 0.8942307692307694 0.42427884615384615 0.11778846153846156 0.5108173076923077
3 0.7872596153846154 0.4182692307692307 0.11057692307692302 0.43028846153846145
3 0.14783653846153846 0.37620192307692313 0.15504807692307693 0.6237980769230769
