5 0.5132211538461539 0.5817307692307692 0.1766826923076923 0.12860576923076927
5 0.5997596153846154 0.5024038461538461 0.19951923076923073 0.11057692307692313
5 0.6923076923076923 0.6514423076923077 0.171875 0.11899038461538458
5 0.5552884615384616 0.23677884615384615 0.18629807692307687 0.12019230769230771
5 0.5793269230769231 0.0288461538461538 0.13942307692307698 0.055288461538461564
6 0.7848557692307692 0.7079326923076923 0.09495192307692302 0.078125
6 0.6658653846153846 0.5745192307692308 0.08774038461538458 0.06850961538461542
6 0.7668269230769231 0.5925480769230769 0.07692307692307698 0.06370192307692302
6 0.6826923076923077 0.08173076923076927 0.08413461538461542 0.08774038461538458
6 0.748798076923077 0.02163461538461542 0.06129807692307687 0.04086538461538458
7 0.7439903846153846 0.49879807692307687 0.06971153846153844 0.07451923076923084
7 0.719951923076923 0.2536057692307693 0.07331730769230771 0.06129807692307687
3 0.41466346153846156 0.6009615384615384 0.6105769230769231 0.19350961538461542
3 0.5949519230769231 0.6658653846153846 0.498798076923077 0.17548076923076927
3 0.7560096153846154 0.5925480769230769 0.13701923076923084 0.0625
3 0.59375 0.49759615384615385 0.3810096153846154 0.13942307692307687
3 0.5877403846153846 0.25120192307692313 0.360576923076923 0.14663461538461542
3 0.41466346153846156 0.09014423076923073 0.6490384615384615 0.1514423076923077
