7 0.5084134615384616 0.576923076923077 0.04567307692307687 0.07331730769230771
7 0.501201923076923 0.8088942307692308 0.06129807692307687 0.06971153846153844
7 0.4098557692307692 0.21874999999999994 0.050480769230769273 0.06610576923076927
5 0.4074519230769231 0.7103365384615384 0.17067307692307698 0.12379807692307687
5 0.3942307692307693 0.8617788461538461 0.15745192307692313 0.1514423076923077
5 0.39182692307692313 0.5600961538461539 0.13461538461538458 0.10456730769230771
3 0.3485576923076923 0.7091346153846154 0.4278846153846154 0.15985576923076927
3 0.32932692307692313 0.5600961538461539 0.4122596153846154 0.15504807692307687
3 0.32091346153846156 0.8509615384615384 0.4266826923076923 0.1670673076923077
5 0.30408653846153844 0.25 0.12620192307692313 0.15264423076923084
3 0.2716346153846155 0.2704326923076923 0.360576923076923 0.24399038461538458
