3 0.8209134615384616 0.6935096153846154 0.18629807692307687 0.5973557692307692
3 0.6935096153846153 0.6658653846153846 0.1610576923076923 0.6358173076923077
3 0.5913461538461539 0.6538461538461539 0.12019230769230771 0.6706730769230769
3 0.49759615384615385 0.7331730769230769 0.1514423076923077 0.5168269230769231
3 0.43509615384615385 0.6346153846153846 0.1670673076923077 0.7247596153846154
3 0.26923076923076933 0.6237980769230769 0.15264423076923073 0.7355769230769231
3 0.1322115384615385 0.6370192307692307 0.16826923076923073 0.6971153846153846
5 0.44591346153846156 0.5877403846153846 0.13221153846153855 0.3533653846153846
5 0.26802884615384615 0.5961538461538461 0.1358173076923077 0.3641826923076923
5 0.13461538461538458 0.6225961538461539 0.15625 0.36057692307692313
1 0.2620192307692308 0.36658653846153844 0.043269230769230727 0.03605769230769229
2 0.8137019230769231 0.45192307692307687 0.07211538461538469 0.13100961538461536
2 0.6911057692307692 0.39903846153846156 0.06370192307692302 0.11418269230769229
2 0.5985576923076923 0.3653846153846154 0.0625 0.10336538461538464
2 0.5072115384615385 0.5300480769230769 0.06610576923076927 0.125
