3 0.7319711538461539 0.3004807692307693 0.3545673076923077 0.5637019230769231
3 0.7307692307692308 0.5745192307692308 0.22475961538461542 0.7463942307692307
3 0.4591346153846155 0.26442307692307687 0.266826923076923 0.4591346153846154
3 0.2848557692307693 0.4254807692307692 0.234375 0.4627403846153847
3 0.09975961538461542 0.44350961538461536 0.19711538461538458 0.389423076923077
2 0.7091346153846153 0.8737980769230769 0.11418269230769229 0.13701923076923073
2 0.7620192307692308 0.4783653846153846 0.20192307692307698 0.23798076923076916
2 0.43870192307692313 0.34254807692307687 0.20913461538461542 0.29326923076923084
2 0.27884615384615385 0.5504807692307692 0.09855769230769229 0.1610576923076924
2 0.09014423076923073 0.5528846153846154 0.09254807692307687 0.14663461538461542
