7 0.4266826923076923 0.19471153846153844 0.02163461538461542 0.03125
3 0.4206730769230769 0.2608173076923077 0.055288461538461564 0.16225961538461542
7 0.2824519230769231 0.3137019230769231 0.024038461538461564 0.030048076923076983
7 0.2860576923076923 0.31850961538461536 0.04326923076923084 0.03725961538461531
7 0.6514423076923077 0.34375 0.02163461538461542 0.03125
7 0.5072115384615384 0.344951923076923 0.02524038461538458 0.03245192307692313
7 0.5384615384615385 0.3689903846153847 0.019230769230769273 0.030048076923076872
3 0.27764423076923084 0.37740384615384615 0.046875 0.17067307692307687
3 0.5012019230769231 0.39903846153846156 0.03605769230769229 0.140625
3 0.65625 0.4110576923076923 0.04086538461538458 0.16225961538461542
3 0.5721153846153846 0.41947115384615385 0.03725961538461542 0.14182692307692313
3 0.5348557692307693 0.43149038461538464 0.03725961538461542 0.15264423076923073
7 0.9254807692307693 0.5997596153846154 0.03605769230769229 0.03245192307692313
