2 0.34375 0.5108173076923077 0.04086538461538458 0.0625
2 0.6286057692307692 0.4939903846153846 0.027644230769230727 0.05649038461538458
2 0.5480769230769231 0.4903846153846155 0.030048076923076872 0.055288461538461564
2 0.6862980769230769 0.484375 0.04567307692307687 0.07451923076923084
2 0.75 0.4747596153846154 0.03125 0.05288461538461542
2 0.5204326923076923 0.4723557692307692 0.03125 0.058894230769230727
2 0.7247596153846154 0.4723557692307692 0.02524038461538458 0.058894230769230727
2 0.8076923076923077 0.4471153846153846 0.046875 0.08293269230769229
3 0.6262019230769231 0.3473557692307692 0.07932692307692302 0.3533653846153847
3 0.3245192307692308 0.328125 0.10096153846153844 0.4435096153846154
3 0.7512019230769231 0.3221153846153846 0.05649038461538458 0.3641826923076923
3 0.5120192307692307 0.3076923076923077 0.10817307692307687 0.40985576923076916
3 0.6814903846153846 0.3028846153846154 0.09495192307692302 0.4278846153846154
3 0.8137019230769231 0.25120192307692313 0.09254807692307698 0.46875
