0 0.5721153846153846 0.39903846153846156 0.0625 0.05528846153846151
0 0.5637019230769231 0.2427884615384615 0.07451923076923073 0.07331730769230768
0 0.5877403846153846 0.20552884615384615 0.050480769230769273 0.05168269230769229
0 0.5649038461538461 0.329326923076923 0.03605769230769229 0.03485576923076922
0 0.5504807692307692 0.4471153846153847 0.038461538461538436 0.04086538461538464
0 0.5348557692307692 0.5637019230769231 0.04326923076923084 0.046875
0 0.546875 0.6646634615384616 0.03725961538461542 0.03605769230769229
0 0.5168269230769231 0.7151442307692307 0.055288461538461564 0.04807692307692313
5 0.37740384615384615 0.23197115384615388 0.2704326923076923 0.1322115384615385
5 0.3954326923076923 0.405048076923077 0.23076923076923084 0.11899038461538464
5 0.43028846153846156 0.5709134615384616 0.14182692307692313 0.07932692307692313
5 0.4050480769230769 0.7139423076923077 0.16346153846153844 0.09735576923076927
5 0.4939903846153846 0.6634615384615383 0.08413461538461542 0.038461538461538436
5 0.4495192307692307 0.45673076923076916 0.14182692307692313 0.06610576923076922
5 0.5036057692307693 0.18870192307692307 0.07331730769230771 0.03725961538461539
5 0.46153846153846156 0.3269230769230769 0.12019230769230771 0.06971153846153844
3 0.30528846153846156 0.24158653846153846 0.5865384615384615 0.15504807692307693
3 0.48798076923076933 0.18389423076923078 0.2560096153846153 0.08173076923076925
3 0.40985576923076933 0.3293269230769231 0.3557692307692307 0.08894230769230771
3 0.30408653846153844 0.40865384615384615 0.5889423076923077 0.1610576923076923
3 0.4675480769230768 0.4627403846153846 0.21754807692307698 0.08413461538461536
3 0.37620192307692313 0.5733173076923077 0.3653846153846154 0.078125
3 0.3473557692307693 0.7211538461538461 0.3954326923076923 0.11057692307692313
3 0.4567307692307693 0.6682692307692307 0.2079326923076923 0.046875
