6 0.5240384615384616 0.171875 0.05528846153846145 0.027644230769230754
6 0.5240384615384616 0.3942307692307693 0.05769230769230771 0.025240384615384637
6 0.46754807692307687 0.5084134615384616 0.09735576923076916 0.03846153846153849
5 0.40504807692307687 0.17067307692307693 0.16826923076923084 0.038461538461538464
5 0.39903846153846156 0.3870192307692308 0.19350961538461542 0.05168269230769229
5 0.3990384615384615 0.45072115384615385 0.14423076923076927 0.03605769230769229
5 0.3028846153846154 0.5168269230769231 0.23798076923076916 0.078125
3 0.3629807692307693 0.16826923076923078 0.3701923076923077 0.050480769230769246
3 0.37740384615384615 0.3870192307692307 0.3485576923076923 0.05048076923076922
3 0.38341346153846156 0.4519230769230769 0.31971153846153855 0.03605769230769229
3 0.25841346153846156 0.5204326923076923 0.5144230769230769 0.078125
