4 0.12968749999999996 0.43828124999999996 0.2593749999999999 0.8765624999999999
4 0.3703125 0.39609375 0.21250000000000002 0.7921875
4 0.63046875 0.42578125 0.31562500000000004 0.8515625
5 0.11328125000000006 0.41953125 0.22578124999999993 0.46015625000000004
5 0.38125 0.40234375 0.17500000000000004 0.4117187499999999
5 0.60234375 0.425 0.25625 0.45390625000000007
0 0.659375 0.78046875 0.12734374999999998 0.13437500000000002
0 0.1328125 0.80625 0.12031250000000004 0.1328125
7 0.39765625000000004 0.734375 0.09375 0.11874999999999991
1 0.6546875000000001 0.71171875 0.09531250000000002 0.04062500000000002
1 0.13281249999999994 0.7296875 0.09531250000000002 0.05625000000000002
1 0.39921874999999996 0.665625 0.07890624999999996 0.057812500000000044
