6 0.7632211538461539 0.1634615384615385 0.08293269230769229 0.06850961538461539
6 0.7475961538461539 0.24759615384615385 0.08653846153846145 0.0769230769230769
6 0.75 0.3545673076923077 0.08413461538461542 0.08173076923076922
6 0.7463942307692308 0.4387019230769231 0.08774038461538469 0.06971153846153844
6 0.8100961538461539 0.5685096153846154 0.09855769230769229 0.08894230769230771
6 0.7512019230769231 0.5276442307692307 0.043269230769230727 0.03605769230769229
6 0.8581730769230769 0.6622596153846154 0.11538461538461542 0.09375
6 0.7680288461538461 0.7139423076923077 0.08653846153846145 0.05288461538461542
6 0.7716346153846154 0.78125 0.06129807692307698 0.05288461538461542
6 0.7211538461538461 0.8341346153846154 0.08653846153846145 0.06850961538461542
5 0.5997596153846154 0.1622596153846154 0.20913461538461542 0.10336538461538462
5 0.5865384615384616 0.2620192307692307 0.22475961538461542 0.09975961538461536
5 0.5697115384615384 0.35817307692307687 0.20432692307692313 0.09254807692307693
5 0.5709134615384616 0.44350961538461536 0.23557692307692313 0.109375
5 0.579326923076923 0.5228365384615384 0.20432692307692313 0.07331730769230771
5 0.5769230769230769 0.5745192307692307 0.2692307692307693 0.09375
5 0.5769230769230769 0.6742788461538461 0.3064903846153847 0.1610576923076923
5 0.6322115384615384 0.7788461538461539 0.1454326923076923 0.06730769230769229
5 0.5348557692307692 0.8485576923076923 0.22235576923076927 0.125
3 0.47716346153846156 0.1622596153846154 0.6887019230769231 0.12139423076923078
3 0.46754807692307687 0.265625 0.6514423076923077 0.13100961538461542
3 0.4567307692307693 0.359375 0.6670673076923077 0.11298076923076922
3 0.46995192307692313 0.44591346153846156 0.6466346153846154 0.12019230769230771
3 0.4783653846153846 0.5252403846153846 0.5793269230769231 0.07211538461538458
3 0.4411057692307693 0.5817307692307694 0.8677884615384615 0.12860576923076927
3 0.45432692307692313 0.6622596153846154 0.9050480769230769 0.16346153846153844
3 0.5216346153846153 0.7776442307692307 0.5889423076923077 0.09375
3 0.40504807692307687 0.8425480769230769 0.7403846153846154 0.15024038461538458
