1 0.7415865384615384 0.2764423076923077 0.03605769230769229 0.09735576923076925
3 0.7043269230769231 0.7884615384615384 0.2451923076923076 0.11057692307692313
7 0.6899038461538461 0.469951923076923 0.21754807692307687 0.13942307692307687
5 0.6742788461538461 0.7884615384615384 0.17067307692307687 0.07932692307692313
3 0.6045673076923077 0.2848557692307692 0.6814903846153846 0.3221153846153847
5 0.6021634615384616 0.2716346153846154 0.32692307692307687 0.19711538461538464
1 0.6021634615384616 0.49158653846153844 0.05528846153846145 0.06370192307692313
5 0.563701923076923 0.6838942307692307 0.4110576923076923 0.2764423076923077
3 0.4122596153846154 0.6382211538461539 0.8088942307692308 0.4639423076923077
7 0.8401442307692308 0.2764423076923077 0.1766826923076924 0.1370192307692308
0 0.7884615384615384 0.7872596153846154 0.05528846153846145 0.050480769230769273
