1 0.26322115384615385 0.15625 0.07331730769230771 0.0721153846153846
1 0.27163461538461536 0.8401442307692307 0.07932692307692304 0.08894230769230771
6 0.2716346153846154 0.469951923076923 0.21274038461538464 0.20192307692307687
1 0.35697115384615385 0.9411057692307693 0.07932692307692307 0.0625
1 0.3581730769230769 0.46274038461538464 0.0625 0.11298076923076927
3 0.49399038461538464 0.17427884615384615 0.9302884615384616 0.34495192307692313
3 0.5024038461538461 0.8737980769230769 0.9615384615384615 0.25
3 0.5793269230769231 0.4735576923076923 0.8377403846153846 0.3533653846153846
6 0.14423076923076922 0.8629807692307693 0.21995192307692304 0.1983173076923077
7 0.15504807692307693 0.11538461538461539 0.24038461538461542 0.22355769230769235
