3 0.890625 0.44140625 0.12421875000000004 0.55390625
3 0.7875 0.44843750000000004 0.109375 0.5726562500000001
3 0.703125 0.446875 0.08515624999999993 0.5179687499999999
3 0.63203125 0.459375 0.07265624999999998 0.5046875
3 0.09062499999999996 0.46406250000000004 0.11640625000000004 0.58984375
3 0.38828124999999997 0.4078125 0.08750000000000002 0.5
3 0.30703125 0.415625 0.09296875000000004 0.5132812500000001
3 0.24140625 0.46015625000000004 0.08359375000000002 0.58203125
3 0.18359374999999994 0.45390624999999996 0.10312500000000002 0.5289062499999999
3 0.47968750000000004 0.46562499999999996 0.08515625000000004 0.55546875
3 0.5445312500000001 0.44999999999999996 0.06406250000000002 0.5023437500000001
3 0.58359375 0.409375 0.0625 0.49687500000000007
4 0.896875 0.678125 0.061718750000000044 0.06718749999999996
4 0.7875 0.70234375 0.0546875 0.06484374999999998
4 0.70078125 0.67109375 0.05625000000000013 0.06015625000000002
4 0.63046875 0.68359375 0.046875 0.06093750000000009
4 0.54765625 0.66875 0.04531249999999998 0.05234375000000002
4 0.47421875 0.703125 0.05078125 0.06015624999999991
4 0.3820312500000001 0.63125 0.04921874999999998 0.06640625
4 0.33593750000000006 0.6921875 0.05312499999999998 0.06874999999999998
4 0.4015625000000001 0.6671875 0.04921874999999998 0.06484374999999998
4 0.3000000000000001 0.64375 0.05703124999999998 0.04843750000000002
4 0.2468749999999999 0.71015625 0.05625000000000002 0.078125
4 0.1726562499999999 0.6828125 0.05625000000000002 0.0703125
4 0.08281249999999996 0.7125 0.061718750000000044 0.07890624999999996
