3 0.7331730769230769 0.5817307692307692 0.17067307692307698 0.5841346153846154
3 0.5348557692307692 0.2451923076923077 0.140625 0.34375
3 0.40745192307692313 0.3269230769230769 0.1766826923076923 0.09495192307692302
3 0.23076923076923073 0.640625 0.10817307692307687 0.47235576923076916
3 0.05889423076923067 0.7091346153846154 0.09735576923076927 0.3245192307692307
5 0.7524038461538461 0.6634615384615384 0.11778846153846145 0.24879807692307687
5 0.5168269230769231 0.27403846153846156 0.09975961538461542 0.1875
5 0.40625 0.3245192307692307 0.13100961538461542 0.07932692307692313
5 0.22235576923076927 0.6947115384615384 0.10336538461538458 0.18629807692307687
5 0.05649038461538458 0.7319711538461539 0.07211538461538458 0.1514423076923077
5 0.6057692307692307 0.7764423076923077 0.02043269230769229 0.05649038461538458
3 0.609375 0.764423076923077 0.046875 0.1358173076923077
6 0.7175480769230769 0.8233173076923077 0.07692307692307698 0.08173076923076916
6 0.6069711538461539 0.8161057692307692 0.02043269230769229 0.025240384615384692
7 0.5733173076923077 0.3786057692307693 0.05889423076923084 0.07692307692307687
7 0.23317307692307682 0.8245192307692308 0.08173076923076927 0.07211538461538469
7 0.06129807692307687 0.8353365384615384 0.05649038461538458 0.05769230769230771
