6 0.7716346153846154 0.6598557692307692 0.12379807692307698 0.11057692307692302
4 0.5997596153846153 0.6189903846153847 0.09495192307692313 0.10817307692307687
6 0.14423076923076933 0.6490384615384616 0.10096153846153844 0.08293269230769229
5 0.8088942307692307 0.359375 0.2764423076923077 0.44110576923076916
5 0.6177884615384616 0.3810096153846154 0.18629807692307687 0.2908653846153846
5 0.27524038461538464 0.3942307692307693 0.16346153846153844 0.2451923076923077
5 0.13701923076923073 0.4362980769230769 0.18149038461538458 0.266826923076923
3 0.8293269230769231 0.3629807692307693 0.28125 0.7043269230769231
3 0.6153846153846154 0.34495192307692313 0.20913461538461542 0.6622596153846154
3 0.42067307692307687 0.3341346153846154 0.21274038461538458 0.625
3 0.265625 0.3185096153846154 0.16586538461538458 0.6213942307692308
3 0.12139423076923073 0.3629807692307693 0.2235576923076923 0.6706730769230769
2 0.4278846153846154 0.5793269230769231 0.08774038461538458 0.10336538461538469
