6 0.8653846153846154 0.14423076923076922 0.1766826923076924 0.1766826923076924
6 0.7355769230769231 0.2848557692307692 0.10336538461538469 0.09014423076923073
6 0.8509615384615384 0.5216346153846154 0.11057692307692313 0.12379807692307698
6 0.7319711538461539 0.7620192307692307 0.10456730769230771 0.09254807692307687
6 0.8052884615384616 0.8449519230769231 0.1610576923076923 0.19951923076923084
3 0.48317307692307687 0.16586538461538464 0.9423076923076923 0.329326923076923
3 0.3954326923076923 0.3161057692307692 0.7872596153846154 0.1670673076923076
3 0.4591346153846154 0.5276442307692308 0.9158653846153846 0.2908653846153847
3 0.4122596153846154 0.7331730769230769 0.7908653846153846 0.18870192307692302
3 0.45192307692307687 0.8713942307692307 0.9014423076923077 0.2548076923076923
