3 0.34140625 0.1265625 0.6828125 0.13437499999999997
3 0.359375 0.22265625 0.71796875 0.13203125000000002
3 0.44296875 0.3609375 0.49843749999999987 0.175
3 0.459375 0.52265625 0.49062499999999987 0.125
3 0.44921875 0.64921875 0.5078125 0.125
3 0.3984375 0.74453125 0.5140625000000001 0.11640625000000004
3 0.36953125 0.82578125 0.7390625 0.171875
5 0.32421875 0.8296875000000001 0.44921875 0.15000000000000002
5 0.35078125000000004 0.74296875 0.3187500000000001 0.10468750000000004
5 0.36718750000000006 0.6382812499999999 0.33124999999999993 0.13124999999999998
5 0.3765625 0.53046875 0.33359375000000013 0.13593749999999993
5 0.3609375 0.3609375 0.32343750000000004 0.16875
6 0.6171875 0.121875 0.11484374999999991 0.11406249999999998
6 0.671875 0.22265625 0.09765625 0.08203125
0 0.62734375 0.3671875 0.12031250000000004 0.09296874999999999
6 0.6234374999999999 0.53046875 0.11953124999999998 0.09296875000000004
6 0.64453125 0.63125 0.10546875 0.09843749999999996
0 0.584375 0.7320312499999999 0.1328125 0.09999999999999998
6 0.66953125 0.79921875 0.11796874999999996 0.12031250000000004
