1 0.4675480769230769 0.7295673076923077 0.1514423076923076 0.08413461538461542
1 0.7307692307692306 0.6875 0.16346153846153844 0.13461538461538458
3 0.5348557692307693 0.49759615384615385 0.37379807692307687 0.9855769230769231
3 0.18509615384615385 0.49278846153846156 0.34254807692307687 0.9795673076923077
3 0.8004807692307692 0.48557692307692313 0.3966346153846153 0.9182692307692308
5 0.18389423076923073 0.34615384615384615 0.3076923076923077 0.6826923076923077
5 0.5480769230769231 0.3185096153846154 0.4110576923076923 0.6129807692307692
5 0.8978365384615384 0.3161057692307693 0.17307692307692313 0.43870192307692313
1 0.23798076923076922 0.8653846153846154 0.17307692307692302 0.08774038461538458
7 0.7439903846153846 0.8293269230769231 0.2451923076923077 0.23798076923076927
