5 0.48076923076923067 0.13942307692307698 0.3161057692307693 0.12019230769230771
5 0.453125 0.234375 0.14663461538461542 0.08173076923076916
5 0.4615384615384616 0.31490384615384615 0.19951923076923073 0.10456730769230771
5 0.4891826923076923 0.3858173076923077 0.16826923076923084 0.07451923076923084
5 0.5084134615384616 0.438701923076923 0.1454326923076923 0.04807692307692313
5 0.5276442307692308 0.4795673076923077 0.13221153846153844 0.05048076923076916
5 0.5192307692307692 0.5252403846153846 0.1466346153846153 0.05649038461538458
5 0.5637019230769231 0.5637019230769231 0.11298076923076916 0.03725961538461542
5 0.5769230769230769 0.5973557692307692 0.10096153846153844 0.038461538461538436
5 0.5745192307692308 0.640625 0.08653846153846156 0.05649038461538458
5 0.6274038461538461 0.8112980769230769 0.1610576923076923 0.08413461538461542
7 0.7367788461538461 0.13100961538461542 0.09495192307692313 0.09855769230769229
7 0.6262019230769231 0.38341346153846156 0.06850961538461542 0.06129807692307687
7 0.6346153846153847 0.47836538461538464 0.05769230769230771 0.038461538461538436
7 0.6358173076923077 0.5264423076923077 0.05649038461538458 0.043269230769230727
7 0.6490384615384615 0.5685096153846154 0.043269230769230727 0.03605769230769229
6 0.5973557692307693 0.3004807692307692 0.04807692307692313 0.05649038461538469
6 0.6346153846153847 0.4375 0.05769230769230771 0.04326923076923084
6 0.6574519230769231 0.5973557692307692 0.046875 0.027644230769230727
6 0.6418269230769231 0.6478365384615384 0.03485576923076916 0.03245192307692313
3 0.40865384615384615 0.1454326923076923 0.7548076923076923 0.13701923076923084
3 0.45432692307692313 0.24399038461538458 0.3701923076923077 0.11538461538461542
3 0.39783653846153844 0.33413461538461536 0.48317307692307687 0.1610576923076924
3 0.4435096153846154 0.3966346153846154 0.4314903846153846 0.11899038461538458
3 0.48317307692307687 0.45552884615384615 0.38701923076923084 0.09495192307692313
3 0.4891826923076923 0.4939903846153846 0.35576923076923084 0.08413461538461542
3 0.5204326923076923 0.5360576923076923 0.296875 0.07211538461538458
3 0.5264423076923077 0.5805288461538461 0.29326923076923084 0.07331730769230771
3 0.5384615384615384 0.6057692307692307 0.2920673076923077 0.0625
3 0.5384615384615384 0.6526442307692306 0.2451923076923077 0.06971153846153844
3 0.5564903846153846 0.8112980769230769 0.4471153846153847 0.10456730769230771
