3 0.159375 0.6546875 0.10624999999999998 0.6664062499999999
3 0.3546875 0.55078125 0.08046874999999998 0.48984374999999997
3 0.428125 0.5203125 0.05781249999999999 0.41796875
3 0.47578125000000004 0.5 0.06718750000000001 0.4296875
3 0.52890625 0.47734375 0.07968749999999997 0.38046875
3 0.74375 0.5078125 0.13984375000000004 0.6468750000000001
3 0.9140625 0.4765625 0.13046875000000002 0.47578125000000004
5 0.16171875 0.56796875 0.08906249999999999 0.27812499999999996
5 0.353125 0.47578125 0.07421875 0.16718749999999993
5 0.42578125 0.4671875 0.05703124999999998 0.17812500000000003
5 0.46953125 0.45078125 0.05078125 0.16562499999999997
5 0.51796875 0.42968749999999994 0.05078125 0.15546874999999993
5 0.77265625 0.42500000000000004 0.08515625000000004 0.20312500000000006
5 0.90234375 0.39296875 0.08750000000000002 0.16250000000000003
4 0.746875 0.25859375 0.06093749999999998 0.09687500000000002
4 0.88671875 0.27265625 0.047656249999999956 0.07968750000000002
4 0.16015625 0.3765625 0.07265624999999999 0.09375
4 0.34609375 0.35859374999999993 0.046875 0.06953124999999999
4 0.4296875 0.34921875 0.0390625 0.07109375000000001
4 0.45859375 0.31484375 0.04218749999999999 0.05156250000000001
4 0.521875 0.31484375 0.0390625 0.046875
