3 0.7620192307692308 0.3004807692307693 0.17307692307692302 0.5985576923076923
3 0.5973557692307692 0.3004807692307693 0.16346153846153844 0.5997596153846154
3 0.38221153846153844 0.34134615384615385 0.15745192307692313 0.6706730769230769
3 0.109375 0.41346153846153844 0.21514423076923084 0.8112980769230769
4 0.7716346153846154 0.5492788461538461 0.09375 0.09855769230769229
4 0.6129807692307692 0.5625 0.06850961538461531 0.06610576923076916
4 0.4002403846153845 0.6117788461538461 0.09254807692307698 0.09495192307692313
4 0.14783653846153844 0.7427884615384616 0.13942307692307687 0.12379807692307687
5 0.7752403846153846 0.3413461538461539 0.16346153846153844 0.25721153846153844
5 0.6021634615384616 0.3942307692307692 0.11057692307692313 0.20673076923076927
5 0.3810096153846154 0.34735576923076933 0.140625 0.3810096153846153
5 0.09134615384615385 0.4170673076923077 0.1826923076923077 0.4591346153846154
