5 0.39903846153846156 0.8762019230769231 0.234375 0.11778846153846156
5 0.46634615384615385 0.7884615384615385 0.2548076923076923 0.1346153846153847
5 0.39903846153846156 0.703125 0.2079326923076923 0.10336538461538458
5 0.4423076923076923 0.625 0.23076923076923084 0.11538461538461542
5 0.436298076923077 0.5024038461538461 0.21995192307692313 0.11418269230769229
5 0.5060096153846154 0.3966346153846155 0.23557692307692302 0.10096153846153844
5 0.420673076923077 0.2764423076923077 0.2079326923076923 0.125
5 0.4543269230769231 0.171875 0.2391826923076924 0.15024038461538458
0 0.20913461538461542 0.8653846153846154 0.08293269230769229 0.06850961538461542
0 0.25841346153846156 0.7896634615384616 0.06370192307692313 0.06971153846153855
0 0.22235576923076922 0.6971153846153846 0.06610576923076927 0.055288461538461564
0 0.2512019230769231 0.626201923076923 0.07451923076923073 0.06129807692307687
0 0.2548076923076923 0.5120192307692307 0.07451923076923084 0.06370192307692313
0 0.3028846153846154 0.4026442307692307 0.07211538461538458 0.06730769230769229
0 0.23798076923076927 0.27403846153846156 0.07331730769230771 0.06129807692307687
0 0.25961538461538464 0.18149038461538453 0.07932692307692302 0.08173076923076927
3 0.5288461538461539 0.8846153846153846 0.7512019230769231 0.13221153846153844
3 0.5528846153846154 0.7860576923076923 0.6971153846153846 0.12139423076923084
3 0.5120192307692307 0.703125 0.6634615384615385 0.09375
3 0.5408653846153846 0.6201923076923077 0.671875 0.13701923076923084
3 0.5504807692307693 0.4939903846153846 0.6706730769230769 0.15024038461538458
3 0.5865384615384616 0.3954326923076923 0.6454326923076923 0.13100961538461542
3 0.5384615384615384 0.28125 0.6658653846153846 0.15264423076923084
3 0.5889423076923077 0.15625 0.7692307692307692 0.19110576923076916
1 0.28125 0.5132211538461539 0.02163461538461542 0.03846153846153855
1 0.2884615384615385 0.18629807692307687 0.027644230769230727 0.046875
