5 0.6009615384615384 0.30528846153846156 0.07692307692307687 0.04807692307692307
5 0.5985576923076923 0.43990384615384615 0.078125 0.04567307692307693
5 0.6189903846153846 0.5685096153846154 0.08293269230769229 0.05649038461538458
5 0.5252403846153846 0.6814903846153846 0.05048076923076922 0.03605769230769229
5 0.6153846153846154 0.5276442307692307 0.034855769230769273 0.02524038461538458
3 0.6225961538461539 0.3016826923076923 0.17307692307692313 0.078125
3 0.6358173076923077 0.4435096153846154 0.20673076923076916 0.05889423076923078
3 0.6598557692307693 0.5204326923076923 0.1358173076923077 0.05889423076923078
3 0.6430288461538463 0.5637019230769231 0.18028846153846156 0.06971153846153844
3 0.5456730769230769 0.6790865384615384 0.1454326923076923 0.04807692307692313
2 0.5444711538461539 0.44591346153846156 0.02644230769230771 0.030048076923076927
2 0.5649038461538463 0.5637019230769231 0.024038461538461564 0.02043269230769229
