6 0.6971153846153846 0.3966346153846154 0.06129807692307698 0.04567307692307693
4 0.8942307692307692 0.6875 0.10336538461538469 0.12860576923076916
5 0.6490384615384616 0.7043269230769231 0.30048076923076916 0.18149038461538458
5 0.6370192307692307 0.3545673076923077 0.10456730769230771 0.07451923076923078
3 0.5973557692307693 0.360576923076923 0.2548076923076923 0.11298076923076922
3 0.4879807692307693 0.6911057692307693 0.9302884615384615 0.234375
5 0.6189903846153846 0.2704326923076923 0.03125 0.015625
6 0.6442307692307692 0.2764423076923077 0.012019230769230838 0.015625
3 0.6189903846153846 0.2764423076923077 0.07211538461538458 0.03125
1 0.8557692307692308 0.6838942307692308 0.04086538461538469 0.06610576923076927
