3 0.19110576923076922 0.3846153846153846 0.266826923076923 0.12019230769230771
3 0.19711538461538458 0.7620192307692308 0.2752403846153846 0.10817307692307698
3 0.20913461538461542 0.11658653846153849 0.30889423076923084 0.16346153846153844
2 0.21274038461538458 0.859375 0.14663461538461542 0.09375
3 0.21514423076923084 0.5348557692307692 0.296875 0.11899038461538458
2 0.23197115384615385 0.3088942307692307 0.1298076923076923 0.08413461538461542
3 0.35096153846153844 0.30408653846153844 0.375 0.15504807692307687
3 0.3557692307692308 0.5769230769230769 0.405048076923077 0.14903846153846156
3 0.358173076923077 0.8713942307692308 0.4110576923076923 0.19711538461538458
2 0.4170673076923077 0.6766826923076923 0.25 0.13461538461538458
2 0.04206730769230771 0.31730769230769235 0.078125 0.058894230769230727
2 0.421875 0.4026442307692307 0.17788461538461542 0.12019230769230771
3 0.6081730769230769 0.3689903846153846 0.5108173076923077 0.26923076923076916
3 0.609375 0.6754807692307692 0.6213942307692308 0.28846153846153844
2 0.11057692307692307 0.7716346153846154 0.12860576923076927 0.07692307692307698
2 0.11057692307692307 0.12860576923076922 0.10576923076923073 0.08653846153846156
2 0.11778846153846151 0.5432692307692308 0.09975961538461531 0.058894230769230727
2 0.11778846153846156 0.37139423076923067 0.11418269230769229 0.06610576923076927
