1 0.17067307692307693 0.22115384615384612 0.09735576923076927 0.1490384615384615
7 0.18509615384615385 0.8762019230769231 0.3545673076923077 0.24399038461538458
7 0.18629807692307693 0.42788461538461536 0.19951923076923073 0.17307692307692302
6 0.2079326923076923 0.6947115384615383 0.18389423076923084 0.15264423076923073
1 0.26682692307692313 0.42908653846153844 0.0625 0.11418269230769229
1 0.3004807692307693 0.7055288461538461 0.08293269230769229 0.09855769230769229
3 0.4987980769230769 0.19471153846153846 0.9807692307692307 0.3737980769230769
3 0.53125 0.43028846153846156 0.875 0.34254807692307687
3 0.5324519230769231 0.6875 0.8701923076923077 0.25
6 0.07692307692307693 0.17307692307692307 0.14423076923076927 0.313701923076923
