0 0.2920673076923077 0.7247596153846153 0.24038461538461542 0.2235576923076923
6 0.5745192307692307 0.6105769230769231 0.26442307692307687 0.24278846153846156
6 0.8341346153846154 0.6586538461538461 0.23076923076923084 0.2079326923076923
5 0.25600961538461536 0.28004807692307687 0.3245192307692307 0.5480769230769231
5 0.453125 0.26322115384615385 0.47235576923076916 0.5012019230769231
5 0.8004807692307693 0.2920673076923077 0.39182692307692313 0.5252403846153846
3 0.2644230769230769 0.4254807692307693 0.344951923076923 0.8161057692307694
3 0.49038461538461536 0.36778846153846156 0.4314903846153847 0.7175480769230769
3 0.7956730769230769 0.4026442307692307 0.40625 0.7463942307692306
1 0.8425480769230769 0.5300480769230769 0.15264423076923084 0.078125
1 0.6201923076923077 0.5036057692307692 0.09375 0.055288461538461564
