0 0.390625 0.798076923076923 0.07211538461538458 0.11418269230769229
0 0.47716346153846156 0.41947115384615385 0.08293269230769229 0.17067307692307687
0 0.5528846153846154 0.7596153846153846 0.06730769230769229 0.07932692307692302
0 0.6862980769230769 0.7896634615384616 0.07331730769230771 0.12019230769230771
4 0.4627403846153846 0.8004807692307692 0.078125 0.09014423076923073
3 0.4158653846153847 0.26682692307692313 0.2391826923076923 0.4759615384615383
3 0.33653846153846156 0.5889423076923077 0.18389423076923084 0.5504807692307692
3 0.4627403846153847 0.6610576923076923 0.11418269230769229 0.37860576923076916
3 0.38100961538461536 0.5973557692307693 0.06971153846153844 0.2920673076923077
3 0.5564903846153846 0.7103365384615384 0.09254807692307698 0.20432692307692313
3 0.6875 0.7415865384615384 0.11298076923076927 0.24879807692307687
