0 0.18149038461538464 0.10576923076923075 0.09855769230769232 0.08173076923076922
0 0.14182692307692307 0.7536057692307694 0.09254807692307693 0.06610576923076927
6 0.140625 0.6430288461538461 0.078125 0.06129807692307687
6 0.43509615384615385 0.8257211538461539 0.07331730769230771 0.06370192307692313
5 0.43509615384615385 0.09975961538461539 0.34254807692307687 0.16225961538461536
5 0.36778846153846156 0.6298076923076923 0.28004807692307687 0.12860576923076916
5 0.34975961538461536 0.7620192307692307 0.28125 0.1358173076923077
5 0.6237980769230769 0.8521634615384616 0.25 0.1298076923076923
3 0.5552884615384616 0.12379807692307693 0.8581730769230769 0.23076923076923078
3 0.46274038461538464 0.6298076923076923 0.7427884615384616 0.13701923076923084
3 0.46033653846153844 0.7728365384615384 0.7451923076923077 0.1454326923076923
3 0.6502403846153846 0.8317307692307693 0.4903846153846154 0.1826923076923077
