4 0.15985576923076922 0.6153846153846153 0.07692307692307698 0.06730769230769229
4 0.3125 0.5480769230769231 0.04326923076923084 0.046875
4 0.3317307692307693 0.5637019230769231 0.03605769230769229 0.03725961538461542
4 0.5793269230769231 0.5697115384615385 0.043269230769230727 0.034855769230769273
4 0.6490384615384617 0.5504807692307693 0.050480769230769273 0.04807692307692313
6 0.234375 0.5600961538461539 0.05048076923076916 0.04807692307692313
6 0.40865384615384615 0.5480769230769231 0.03605769230769229 0.038461538461538436
6 0.4855769230769231 0.5661057692307692 0.043269230769230727 0.03725961538461531
6 0.7391826923076923 0.5649038461538461 0.058894230769230727 0.04807692307692313
6 0.8377403846153846 0.5600961538461539 0.06610576923076927 0.04206730769230771
3 0.13341346153846156 0.3557692307692307 0.14182692307692313 0.6081730769230769
3 0.23557692307692307 0.3653846153846154 0.10817307692307698 0.4314903846153846
3 0.3088942307692308 0.3786057692307692 0.08653846153846156 0.3942307692307693
3 0.3485576923076923 0.40745192307692313 0.06610576923076916 0.37139423076923084
3 0.407451923076923 0.40384615384615385 0.08293269230769229 0.33653846153846145
3 0.48317307692307687 0.41346153846153844 0.08413461538461542 0.3641826923076923
3 0.5733173076923077 0.40745192307692313 0.09014423076923073 0.37139423076923084
3 0.6610576923076923 0.3954326923076923 0.09735576923076927 0.390625
3 0.7403846153846154 0.3786057692307693 0.09975961538461542 0.45432692307692313
3 0.8401442307692307 0.3473557692307693 0.14663461538461542 0.48557692307692313
