5 0.3641826923076923 0.8725961538461539 0.3341346153846154 0.1670673076923077
5 0.4651442307692307 0.5252403846153847 0.25 0.13942307692307687
5 0.3954326923076923 0.42067307692307687 0.31610576923076916 0.1454326923076923
5 0.5060096153846154 0.33533653846153844 0.1814903846153847 0.09495192307692313
5 0.5204326923076923 0.2115384615384615 0.18389423076923084 0.08173076923076927
5 0.44471153846153844 0.10697115384615385 0.359375 0.18870192307692313
5 0.06730769230769229 0.8641826923076923 0.11538461538461542 0.26201923076923084
3 0.32692307692307687 0.8509615384615384 0.609375 0.24879807692307687
3 0.3701923076923077 0.5348557692307692 0.6153846153846154 0.1298076923076924
3 0.34254807692307687 0.43149038461538464 0.6598557692307692 0.12139423076923073
3 0.6045673076923077 0.4158653846153846 0.12860576923076916 0.078125
3 0.4302884615384615 0.3317307692307693 0.4723557692307693 0.109375
3 0.4266826923076923 0.22475961538461536 0.515625 0.11298076923076927
3 0.3810096153846154 0.125 0.7307692307692308 0.234375
2 0.5841346153846154 0.889423076923077 0.08774038461538469 0.08293269230769229
2 0.59375 0.4230769230769231 0.06850961538461542 0.055288461538461564
