6 0.6935096153846154 0.2668269230769231 0.09735576923076916 0.11418269230769229
6 0.8317307692307692 0.34014423076923084 0.055288461538461564 0.06129807692307693
6 0.5841346153846153 0.28966346153846156 0.07932692307692313 0.0925480769230769
6 0.48557692307692313 0.359375 0.04086538461538458 0.04086538461538464
6 0.3557692307692307 0.35817307692307687 0.03725961538461542 0.03245192307692307
6 0.3064903846153846 0.3786057692307693 0.03245192307692313 0.05649038461538464
6 0.32932692307692313 0.3798076923076923 0.02163461538461542 0.05048076923076922
6 0.6286057692307692 0.36658653846153844 0.03125 0.03605769230769229
5 0.7331730769230769 0.5216346153846154 0.1935096153846153 0.3076923076923077
5 0.8701923076923077 0.43028846153846156 0.06850961538461542 0.12860576923076922
5 0.8185096153846154 0.48197115384615385 0.06971153846153844 0.21754807692307687
5 0.4735576923076923 0.4519230769230769 0.05288461538461542 0.12139423076923073
5 0.3497596153846154 0.44110576923076916 0.0625 0.11538461538461536
5 0.2956730769230769 0.4435096153846153 0.06370192307692302 0.11298076923076922
5 0.5204326923076923 0.41346153846153844 0.05048076923076916 0.08413461538461542
3 0.8713942307692307 0.5048076923076923 0.07331730769230771 0.359375
3 0.8197115384615385 0.5372596153846154 0.10336538461538469 0.4735576923076923
3 0.734375 0.6021634615384616 0.19951923076923084 0.7824519230769231
3 0.5721153846153846 0.6153846153846154 0.17548076923076927 0.765625
3 0.4723557692307693 0.5012019230769231 0.07692307692307687 0.32451923076923084
3 0.5204326923076923 0.39783653846153844 0.06610576923076916 0.1454326923076923
3 0.3557692307692307 0.5048076923076923 0.06370192307692313 0.35576923076923084
3 0.2932692307692307 0.4963942307692307 0.08293269230769229 0.30769230769230765
