5 0.8677884615384616 0.4182692307692308 0.18629807692307687 0.4182692307692307
5 0.7367788461538461 0.37740384615384615 0.17067307692307687 0.4014423076923077
5 0.5745192307692307 0.38341346153846156 0.1766826923076923 0.4579326923076923
5 0.45192307692307687 0.42067307692307687 0.1298076923076923 0.3689903846153846
5 0.3137019230769232 0.3966346153846154 0.17307692307692302 0.4423076923076923
5 0.11538461538461542 0.5661057692307692 0.22836538461538458 0.373798076923077
3 0.8737980769230769 0.37379807692307687 0.20432692307692302 0.7235576923076923
3 0.7403846153846153 0.359375 0.1766826923076923 0.671875
3 0.6009615384615384 0.3786057692307693 0.171875 0.7295673076923077
3 0.45072115384615385 0.40504807692307687 0.11778846153846145 0.6105769230769231
3 0.32932692307692313 0.375 0.17548076923076916 0.7091346153846154
3 0.125 0.4567307692307693 0.22475961538461542 0.8401442307692306
2 0.8473557692307692 0.6814903846153847 0.10817307692307698 0.12379807692307687
2 0.7139423076923077 0.6394230769230769 0.09375 0.1310096153846153
2 0.5625 0.6838942307692308 0.09975961538461542 0.13221153846153844
2 0.4387019230769232 0.6502403846153847 0.06971153846153844 0.10456730769230771
2 0.32091346153846156 0.6802884615384615 0.08293269230769229 0.12139423076923073
2 0.12379807692307693 0.8185096153846154 0.09495192307692302 0.12139423076923084
