7 0.7860576923076923 0.59375 0.05288461538461542 0.06610576923076916
7 0.7235576923076923 0.5853365384615384 0.0625 0.06129807692307687
7 0.6598557692307692 0.6322115384615384 0.055288461538461564 0.05168269230769229
7 0.5528846153846153 0.6177884615384617 0.06129807692307687 0.06610576923076927
7 0.4951923076923077 0.640625 0.05048076923076916 0.0625
7 0.3990384615384615 0.6153846153846154 0.055288461538461564 0.05649038461538469
7 0.1694711538461538 0.6538461538461539 0.055288461538461564 0.06971153846153855
7 0.15985576923076922 0.6802884615384616 0.055288461538461564 0.05528846153846145
4 0.6177884615384616 0.6838942307692308 0.06370192307692313 0.05649038461538469
0 0.31370192307692313 0.6574519230769231 0.05649038461538458 0.06850961538461542
6 0.2668269230769231 0.6598557692307692 0.055288461538461564 0.06971153846153844
5 0.8004807692307693 0.4266826923076923 0.09855769230769229 0.23076923076923084
5 0.7247596153846154 0.42427884615384615 0.09975961538461542 0.2139423076923077
5 0.6189903846153846 0.49879807692307687 0.11298076923076927 0.2235576923076923
5 0.49879807692307687 0.46153846153846156 0.09014423076923084 0.2295673076923077
5 0.4074519230769232 0.4567307692307693 0.07451923076923073 0.21153846153846145
5 0.3185096153846154 0.48557692307692313 0.09975961538461542 0.20913461538461542
5 0.2512019230769231 0.4939903846153845 0.07692307692307698 0.22596153846153844
5 0.17548076923076927 0.4747596153846154 0.109375 0.234375
3 0.8016826923076923 0.3713942307692307 0.09735576923076916 0.5108173076923077
3 0.7151442307692308 0.36057692307692313 0.10336538461538469 0.5216346153846154
3 0.6682692307692307 0.6057692307692308 0.05769230769230771 0.10336538461538469
3 0.6129807692307692 0.40745192307692313 0.11298076923076927 0.6105769230769231
3 0.5540865384615384 0.40504807692307687 0.07932692307692313 0.49639423076923084
3 0.5048076923076923 0.3870192307692307 0.11538461538461542 0.5817307692307694
3 0.40504807692307687 0.39903846153846156 0.10456730769230771 0.5
3 0.31971153846153844 0.4002403846153846 0.10817307692307687 0.5889423076923077
3 0.2536057692307693 0.4254807692307693 0.08894230769230771 0.5348557692307694
3 0.15985576923076927 0.3966346153846154 0.1454326923076923 0.5877403846153846
