3 0.36171875 0.615625 0.52421875 0.13671875
3 0.63984375 0.846875 0.375 0.09609374999999998
3 0.7109375 0.90703125 0.20781249999999996 0.057812500000000044
3 0.5984375 0.31328125 0.26093749999999993 0.11093750000000002
3 0.615625 0.1578125 0.33203125 0.09140624999999998
3 0.7109375 0.190625 0.18359375 0.06484375
3 0.721875 0.10937499999999999 0.18203124999999998 0.04374999999999998
4 0.5835937499999999 0.6109375000000001 0.08437499999999998 0.06796875000000002
4 0.796875 0.85078125 0.05312500000000009 0.039843749999999956
4 0.78125 0.9015625 0.05859375 0.043749999999999956
4 0.71171875 0.328125 0.046875 0.04609374999999999
4 0.7484375 0.14999999999999997 0.05703124999999987 0.048437499999999994
4 0.784375 0.2078125 0.05625000000000002 0.0234375
2 0.78828125 0.11640625000000002 0.04921874999999998 0.03984375000000001
