3 0.6814903846153846 0.07572115384615383 0.251201923076923 0.06129807692307691
3 0.6850961538461539 0.18149038461538458 0.26442307692307687 0.07211538461538461
3 0.6754807692307692 0.2512019230769231 0.3028846153846153 0.07451923076923075
3 0.6682692307692308 0.3137019230769231 0.3161057692307693 0.07331730769230771
3 0.6706730769230769 0.4627403846153846 0.405048076923077 0.12019230769230765
3 0.6706730769230769 0.6574519230769231 0.483173076923077 0.15625
3 0.6382211538461539 0.9122596153846154 0.6826923076923077 0.1514423076923077
0 0.3557692307692307 0.875 0.10817307692307693 0.078125
0 0.4627403846153846 0.6334134615384616 0.07812499999999994 0.06730769230769229
0 0.4951923076923077 0.43629807692307687 0.06610576923076922 0.05288461538461536
0 0.5288461538461539 0.2980769230769231 0.03605769230769229 0.038461538461538436
0 0.5456730769230769 0.23798076923076922 0.03245192307692313 0.0324519230769231
0 0.5661057692307693 0.1670673076923077 0.03245192307692313 0.03725961538461539
7 0.5805288461538461 0.06370192307692307 0.030048076923076872 0.030048076923076927
