5 0.43389423076923067 0.2307692307692308 0.08173076923076927 0.13461538461538464
5 0.5348557692307692 0.24278846153846154 0.10336538461538458 0.12860576923076922
3 0.43870192307692313 0.30288461538461536 0.09975961538461542 0.39903846153846156
3 0.5288461538461539 0.3088942307692308 0.10817307692307687 0.389423076923077
7 0.3605769230769231 0.3629807692307692 0.034855769230769273 0.03605769230769229
6 0.35576923076923067 0.4723557692307692 0.034855769230769273 0.046875
7 0.5432692307692308 0.49278846153846156 0.04807692307692302 0.04326923076923078
7 0.43870192307692313 0.5012019230769231 0.046875 0.05048076923076922
7 0.27524038461538464 0.5012019230769231 0.043269230769230727 0.05048076923076922
0 0.21153846153846156 0.5036057692307693 0.04807692307692313 0.05048076923076922
7 0.6418269230769231 0.5072115384615384 0.04086538461538469 0.04206730769230771
0 0.876201923076923 0.5072115384615384 0.03605769230769229 0.05528846153846151
6 0.7403846153846154 0.5576923076923077 0.043269230769230727 0.046875
5 0.359375 0.609375 0.09975961538461542 0.171875
5 0.4471153846153845 0.6237980769230769 0.08173076923076927 0.1358173076923077
5 0.2800480769230768 0.6237980769230769 0.07692307692307698 0.1514423076923077
5 0.19350961538461542 0.6310096153846154 0.09975961538461542 0.15264423076923084
5 0.890625 0.6370192307692307 0.09735576923076916 0.1514423076923077
5 0.5396634615384616 0.6490384615384616 0.10096153846153855 0.1923076923076923
5 0.6442307692307693 0.6682692307692307 0.08894230769230771 0.1983173076923077
3 0.3629807692307693 0.6911057692307693 0.08413461538461542 0.48317307692307687
5 0.7355769230769231 0.6971153846153846 0.08653846153846156 0.15504807692307698
3 0.19711538461538464 0.7019230769230769 0.09495192307692302 0.4423076923076923
3 0.28485576923076933 0.7043269230769231 0.09014423076923073 0.453125
3 0.45793269230769224 0.7067307692307693 0.08173076923076927 0.4735576923076923
3 0.5444711538461539 0.7091346153846154 0.11778846153846145 0.46875
5 0.8125 0.7115384615384616 0.06610576923076916 0.140625
3 0.8870192307692307 0.7175480769230769 0.11057692307692313 0.4639423076923077
3 0.6382211538461539 0.7199519230769231 0.09254807692307687 0.46514423076923084
3 0.7331730769230769 0.7379807692307693 0.10817307692307698 0.40504807692307687
3 0.8161057692307692 0.7439903846153846 0.07692307692307698 0.3954326923076923
6 0.43870192307692313 0.11778846153846154 0.04206730769230771 0.03846153846153848
6 0.5252403846153846 0.1310096153846154 0.04326923076923084 0.03725961538461538
