3 0.8109375 0.51875 0.19062500000000004 0.6273437500000001
3 0.53359375 0.3921875 0.0859375 0.3531250000000001
3 0.40546874999999993 0.4640625 0.09296874999999999 0.509375
3 0.33281249999999996 0.41640625 0.08124999999999999 0.47734374999999996
3 0.2296875 0.57890625 0.13750000000000004 0.36328125
3 0.1109375 0.6234375 0.15390624999999997 0.41093749999999996
3 0.0265625 0.45859375 0.053125 0.5109375
3 0.43984375 0.3765625 0.05156250000000001 0.31718749999999996
5 0.8171875 0.43203125 0.12265625000000002 0.265625
5 0.53203125 0.40078125 0.08046875000000003 0.20390624999999996
5 0.40390625 0.39921875 0.07109375000000001 0.19765624999999998
5 0.33515625 0.35546875 0.06406250000000002 0.1921875
5 0.01953125 0.41953125 0.03828125 0.21640624999999997
5 0.11015625 0.5828125 0.1390625 0.15546874999999993
0 0.80390625 0.25859375 0.07109374999999996 0.09843749999999998
7 0.1359375 0.48203125 0.06874999999999999 0.12265624999999997
7 0.5296875 0.25390625 0.057812500000000044 0.06796874999999997
7 0.325 0.21249999999999997 0.046875 0.060156249999999994
0 0.42109374999999993 0.2515625 0.04999999999999999 0.07578124999999997
0 0.0171875 0.24062500000000003 0.034375 0.08750000000000002
