3 0.8197115384615384 0.28004807692307687 0.1826923076923077 0.5576923076923077
3 0.6538461538461539 0.3221153846153845 0.15504807692307687 0.498798076923077
3 0.4495192307692307 0.3473557692307693 0.11899038461538458 0.30528846153846145
3 0.37379807692307687 0.3497596153846154 0.109375 0.27764423076923084
3 0.31009615384615385 0.37620192307692313 0.07331730769230771 0.1983173076923077
3 0.2752403846153846 0.4194711538461538 0.06730769230769229 0.14903846153846156
3 0.039663461538461564 0.3786057692307693 0.04567307692307687 0.08413461538461542
3 0.05168269230769229 0.4338942307692307 0.04086538461538458 0.05168269230769229
5 0.8185096153846154 0.3377403846153846 0.15264423076923084 0.2548076923076923
5 0.04807692307692313 0.4278846153846154 0.03245192307692313 0.03125
5 0.6622596153846153 0.4134615384615384 0.09855769230769229 0.17548076923076927
6 0.8209134615384616 0.5240384615384616 0.09254807692307687 0.06129807692307687
6 0.4591346153846154 0.4783653846153846 0.03725961538461542 0.03605769230769229
6 0.40504807692307687 0.4639423076923077 0.04206730769230771 0.046875
6 0.32692307692307687 0.44471153846153844 0.03605769230769229 0.046875
6 0.2908653846153845 0.47596153846153844 0.024038461538461564 0.02163461538461542
