2 0.34735576923076916 0.5949519230769231 0.0625 0.10576923076923073
2 0.6610576923076923 0.5877403846153847 0.03725961538461542 0.07692307692307687
2 0.13942307692307687 0.5685096153846154 0.07211538461538458 0.140625
2 0.7512019230769231 0.5564903846153846 0.03725961538461542 0.08653846153846156
2 0.6334134615384617 0.546875 0.055288461538461564 0.10576923076923084
2 0.8028846153846154 0.5420673076923077 0.02524038461538458 0.06610576923076916
3 0.921875 0.42548076923076933 0.08774038461538458 0.2560096153846153
3 0.8269230769230769 0.4182692307692307 0.08894230769230771 0.3125
3 0.3449519230769231 0.36658653846153844 0.18870192307692302 0.5673076923076923
3 0.7584134615384616 0.3629807692307692 0.09495192307692313 0.4879807692307693
3 0.15024038461538458 0.33653846153846156 0.234375 0.6129807692307694
3 0.640625 0.3161057692307693 0.18149038461538458 0.578125
