3 0.3640625 0.67265625 0.11562499999999998 0.6546875000000001
3 0.46953124999999996 0.7015625 0.10234374999999996 0.596875
3 0.56875 0.6984375 0.09687500000000004 0.6031249999999999
3 0.6749999999999999 0.69296875 0.09843749999999996 0.61328125
3 0.78046875 0.7015625 0.08671875000000007 0.596875
3 0.87890625 0.69296875 0.10859375000000004 0.6140625
3 0.94609375 0.66796875 0.08828124999999998 0.659375
3 0.4078125000000001 0.38828125 0.05703124999999998 0.27656250000000004
3 0.43359374999999994 0.45625 0.05625000000000002 0.29921875
3 0.5203125 0.43828124999999996 0.07187500000000002 0.30859374999999994
3 0.8203125 0.64296875 0.06093750000000009 0.7132812499999999
3 0.75859375 0.3828125 0.05078125 0.23281250000000003
3 0.72109375 0.65703125 0.06718749999999996 0.6859375000000001
3 0.65625 0.34921875 0.07187499999999991 0.23750000000000002
5 0.3671875 0.671875 0.1015625 0.35703124999999997
5 0.4703125 0.7234375 0.09687500000000004 0.35859374999999993
5 0.56640625 0.71484375 0.08515624999999993 0.34062500000000007
5 0.6734375 0.69609375 0.08906250000000004 0.33203125
5 0.7828125 0.7242187499999999 0.08281249999999996 0.34921875
5 0.87890625 0.7265625 0.09765625 0.37734375
5 0.93359375 0.65234375 0.08437500000000009 0.328125
5 0.828125 0.52265625 0.057812500000000044 0.17109374999999993
5 0.72265625 0.63046875 0.06015624999999991 0.3140625000000001
5 0.6156249999999999 0.61953125 0.06484374999999998 0.3031249999999999
0 0.6515625 0.290625 0.04140624999999998 0.10468750000000002
0 0.56875 0.3140625 0.039843749999999956 0.09453125000000001
0 0.52421875 0.35 0.05234375000000002 0.109375
0 0.41093749999999996 0.30546875 0.0390625 0.08828124999999998
0 0.43828124999999996 0.35703125 0.04296875 0.10703124999999997
0 0.47578125000000004 0.46015625 0.053906250000000044 0.11953124999999998
0 0.5640625 0.4578125 0.05625000000000013 0.11171874999999998
0 0.61484375 0.375 0.04921874999999987 0.11328125
0 0.671875 0.44453125 0.05390624999999993 0.10390624999999998
0 0.71796875 0.38515625 0.04296875 0.12343750000000003
0 0.76015625 0.31953125 0.046093750000000044 0.10546875
6 0.78046875 0.45859375 0.05312499999999998 0.10390625000000003
6 0.82578125 0.3609375 0.051562499999999956 0.13203125
6 0.3640624999999999 0.41015625 0.05234375000000002 0.11562500000000003
6 0.9320312500000001 0.39140625 0.05625000000000002 0.125
6 0.82578125 0.3625 0.050000000000000044 0.12343749999999998
6 0.875 0.44296875 0.053906250000000044 0.11328125
