7 0.36899038461538464 0.7560096153846154 0.05649038461538469 0.06850961538461542
7 0.6478365384615383 0.65625 0.038461538461538436 0.078125
7 0.20192307692307698 0.6189903846153846 0.04206730769230771 0.050480769230769273
5 0.3533653846153846 0.6069711538461539 0.09975961538461542 0.20432692307692313
5 0.15865384615384615 0.5408653846153846 0.06370192307692313 0.14182692307692302
3 0.36538461538461536 0.4963942307692307 0.15985576923076927 0.5925480769230769
3 0.6322115384615384 0.4879807692307692 0.10456730769230771 0.4471153846153847
3 0.10096153846153844 0.48557692307692313 0.06850961538461542 0.328125
3 0.2451923076923077 0.46875 0.11538461538461542 0.2596153846153846
3 0.8401442307692307 0.4651442307692307 0.11418269230769229 0.375
3 0.16346153846153844 0.4447115384615385 0.10456730769230771 0.4182692307692307
