3 0.8677884615384615 0.43509615384615385 0.15985576923076927 0.7355769230769231
3 0.734375 0.4074519230769231 0.140625 0.5072115384615384
3 0.6153846153846154 0.391826923076923 0.09975961538461542 0.5144230769230769
3 0.5240384615384616 0.40264423076923084 0.1298076923076923 0.5564903846153846
3 0.33653846153846156 0.36778846153846156 0.1610576923076923 0.5721153846153846
3 0.10216346153846151 0.42788461538461536 0.11778846153846156 0.8088942307692307
3 0.13100961538461542 0.3076923076923077 0.07331730769230771 0.296875
6 0.8497596153846154 0.12860576923076922 0.09495192307692302 0.10576923076923075
6 0.6021634615384616 0.16466346153846154 0.04807692307692313 0.06370192307692307
6 0.5384615384615384 0.18028846153846156 0.05769230769230771 0.08293269230769232
6 0.13221153846153844 0.19471153846153846 0.05769230769230771 0.0625
6 0.07932692307692307 0.08774038461538461 0.08653846153846156 0.10576923076923078
4 0.7307692307692307 0.19230769230769232 0.08894230769230771 0.07451923076923078
5 0.8617788461538461 0.3317307692307692 0.1670673076923077 0.313701923076923
5 0.7439903846153846 0.33413461538461536 0.09254807692307698 0.17548076923076925
5 0.6117788461538461 0.30528846153846156 0.08653846153846145 0.17788461538461542
5 0.5324519230769231 0.296875 0.11298076923076927 0.19711538461538458
5 0.3377403846153846 0.2848557692307692 0.13100961538461542 0.20432692307692304
5 0.09014423076923073 0.34134615384615385 0.11057692307692313 0.34495192307692313
1 0.7403846153846154 0.21875 0.04086538461538458 0.02524038461538461
1 0.6045673076923077 0.1923076923076923 0.03485576923076916 0.02524038461538461
