6 0.7548076923076923 0.5180288461538461 0.08173076923076916 0.08653846153846145
1 0.7211538461538461 0.5240384615384616 0.030048076923076872 0.05288461538461542
7 0.6850961538461539 0.6995192307692308 0.07331730769230771 0.06971153846153844
7 0.6670673076923077 0.34375 0.06610576923076916 0.06850961538461542
1 0.6418269230769231 0.704326923076923 0.025240384615384692 0.05769230769230771
1 0.6274038461538461 0.3449519230769231 0.030048076923076872 0.050480769230769273
5 0.5384615384615384 0.5144230769230769 0.28004807692307687 0.14423076923076927
5 0.46634615384615385 0.7091346153846154 0.2704326923076923 0.14423076923076927
5 0.4495192307692308 0.33413461538461536 0.2716346153846153 0.13942307692307698
3 0.41346153846153844 0.5132211538461539 0.7920673076923077 0.20192307692307687
3 0.38221153846153844 0.7211538461538461 0.7451923076923077 0.23557692307692313
3 0.37379807692307687 0.31490384615384615 0.6935096153846154 0.21754807692307687
