3 0.5 0.1046875000000001 1.0 0.20937499999999998
3 0.40625 0.2218750000000001 0.8125 0.18281249999999993
3 0.36796874999999996 0.4 0.7359374999999999 0.19062500000000004
3 0.3265625 0.675 0.653125 0.17734375000000002
3 0.36406249999999996 0.52578125 0.7281249999999999 0.15312499999999996
5 0.325 0.40312499999999996 0.42890624999999993 0.1953125
4 0.58125 0.6382812499999999 0.11249999999999993 0.08046874999999998
4 0.66953125 0.49296874999999996 0.11250000000000004 0.07421875
4 0.7109375 0.22421875000000002 0.18671875000000004 0.14765625000000004
4 0.92734375 0.11015624999999996 0.14453125 0.2203124999999999
6 0.65859375 0.39921874999999996 0.11328125 0.10468750000000004
