7 0.28125 0.8425480769230769 0.12860576923076916 0.12620192307692302
4 0.3064903846153846 0.7524038461538461 0.09375 0.07932692307692313
7 0.3329326923076923 0.5769230769230769 0.09375 0.08173076923076927
7 0.3545673076923077 0.4447115384615384 0.11298076923076916 0.09735576923076927
7 0.24879807692307687 0.18389423076923067 0.140625 0.12860576923076927
3 0.6057692307692307 0.8509615384615384 0.7884615384615385 0.22836538461538458
3 0.6262019230769231 0.7295673076923077 0.7427884615384617 0.13461538461538458
3 0.6310096153846154 0.5697115384615383 0.7331730769230769 0.15985576923076927
3 0.6430288461538461 0.4158653846153846 0.7139423076923077 0.1875
3 0.5877403846153846 0.17788461538461547 0.8233173076923077 0.18870192307692302
