3 0.11640624999999999 0.6265625 0.15703125000000007 0.746875
3 0.27109375 0.5875 0.12890625 0.6984375
3 0.65546875 0.63671875 0.1484375 0.7265625
3 0.7671875 0.56796875 0.09062499999999996 0.61640625
3 0.89296875 0.60546875 0.1875 0.7890625
6 0.86328125 0.28046875 0.11484375000000002 0.13359375000000004
4 0.778125 0.31796875 0.06015625000000002 0.09453125000000001
4 0.10312500000000002 0.31875 0.09687500000000004 0.12109375
6 0.66328125 0.33203125 0.08359375000000002 0.10468749999999999
6 0.26484375 0.30234375 0.07187500000000002 0.10703124999999997
