3 0.9350961538461539 0.3497596153846154 0.06971153846153855 0.21875
3 0.7115384615384616 0.40745192307692313 0.09855769230769229 0.4134615384615383
3 0.515625 0.3701923076923077 0.11538461538461542 0.44110576923076916
3 0.3173076923076923 0.40625 0.10336538461538458 0.43389423076923084
3 0.21274038461538453 0.4338942307692307 0.09735576923076927 0.39903846153846145
4 0.9338942307692308 0.43509615384615385 0.03725961538461531 0.06730769230769229
4 0.2908653846153845 0.5745192307692308 0.050480769230769273 0.08653846153846156
0 0.5372596153846154 0.5432692307692308 0.05048076923076916 0.10336538461538469
0 0.719951923076923 0.5637019230769231 0.05769230769230771 0.09375
0 0.18629807692307687 0.5841346153846153 0.030048076923076872 0.07331730769230771
