7 0.22475961538461542 0.7956730769230769 0.046875 0.06370192307692302
7 0.3653846153846153 0.75 0.03605769230769229 0.07211538461538458
7 0.296875 0.7860576923076923 0.04086538461538458 0.0625
7 0.49639423076923084 0.7884615384615384 0.046875 0.046875
5 0.3677884615384615 0.6442307692307693 0.06610576923076927 0.1358173076923077
5 0.5096153846153846 0.6538461538461539 0.06610576923076916 0.15504807692307687
5 0.20673076923076922 0.6935096153846154 0.06129807692307698 0.14663461538461542
3 0.21274038461538458 0.6322115384615384 0.09014423076923084 0.39423076923076916
3 0.2860576923076923 0.6177884615384616 0.09375 0.3858173076923077
3 0.3737980769230769 0.6117788461538461 0.1346153846153847 0.3641826923076923
3 0.5072115384615384 0.6213942307692307 0.08894230769230771 0.3858173076923077
