6 0.7451923076923077 0.6814903846153846 0.0625 0.06370192307692302
6 0.4110576923076923 0.6634615384615384 0.07211538461538458 0.06129807692307687
6 0.5612980769230769 0.65625 0.0625 0.08173076923076916
6 0.9375 0.6550480769230769 0.05649038461538458 0.05288461538461531
6 0.2512019230769231 0.6382211538461539 0.11298076923076927 0.09254807692307687
6 0.6598557692307692 0.5961538461538461 0.109375 0.10817307692307687
3 0.9278846153846154 0.48317307692307687 0.11418269230769229 0.4423076923076923
3 0.7487980769230769 0.46634615384615385 0.1454326923076924 0.5552884615384615
3 0.5600961538461539 0.41466346153846156 0.14182692307692313 0.5865384615384615
3 0.4182692307692307 0.40745192307692313 0.16586538461538458 0.6177884615384617
3 0.24759615384615385 0.34615384615384615 0.13942307692307687 0.6730769230769231
3 0.6574519230769231 0.32572115384615385 0.1814903846153847 0.6394230769230769
