6 0.11899038461538464 0.6237980769230769 0.11778846153846156 0.125
6 0.22475961538461536 0.6634615384615384 0.08653846153846156 0.10336538461538458
0 0.36658653846153844 0.6310096153846153 0.09254807692307687 0.09855769230769229
6 0.53125 0.6189903846153846 0.10336538461538458 0.12139423076923084
6 0.6310096153846154 0.6502403846153846 0.10336538461538458 0.09975961538461531
0 0.7295673076923077 0.5841346153846154 0.10336538461538458 0.12379807692307698
6 0.7992788461538461 0.6658653846153846 0.12620192307692313 0.12620192307692302
5 0.35817307692307687 0.3629807692307693 0.17548076923076916 0.35096153846153855
5 0.5192307692307693 0.37139423076923067 0.13461538461538458 0.3221153846153847
5 0.6430288461538461 0.37139423076923067 0.12019230769230771 0.3473557692307693
5 0.7403846153846154 0.35096153846153844 0.10576923076923073 0.34375
5 0.8293269230769231 0.3341346153846155 0.16225961538461542 0.423076923076923
3 0.11899038461538458 0.3473557692307693 0.15985576923076916 0.6911057692307694
3 0.21634615384615385 0.36057692307692313 0.1298076923076923 0.7175480769230769
3 0.36057692307692313 0.42067307692307687 0.16826923076923084 0.5408653846153846
3 0.5108173076923077 0.43028846153846156 0.14663461538461542 0.515625
3 0.6442307692307693 0.43629807692307687 0.1358173076923077 0.5276442307692308
3 0.7379807692307693 0.4110576923076923 0.109375 0.47235576923076916
3 0.8221153846153846 0.3653846153846154 0.15504807692307698 0.7259615384615383
