0 0.2716346153846155 0.5120192307692307 0.07932692307692302 0.04567307692307687
0 0.3341346153846154 0.18509615384615385 0.08413461538461542 0.04206730769230771
0 0.3557692307692307 0.23557692307692318 0.05769230769230771 0.043269230769230727
6 0.5973557692307692 0.40745192307692313 0.06610576923076927 0.04567307692307687
7 0.6394230769230769 0.4026442307692308 0.06129807692307698 0.038461538461538436
7 0.6322115384615384 0.3221153846153846 0.06971153846153855 0.046875
7 0.6177884615384616 0.6622596153846154 0.046875 0.03725961538461542
7 0.748798076923077 0.6322115384615385 0.04206730769230771 0.03725961538461531
7 0.7908653846153846 0.5949519230769231 0.04086538461538458 0.027644230769230727
3 0.3858173076923077 0.78125 0.359375 0.09975961538461542
3 0.21274038461538453 0.5408653846153846 0.18629807692307698 0.13461538461538458
3 0.3076923076923077 0.8846153846153846 0.22475961538461542 0.09735576923076916
3 0.3870192307692307 0.9387019230769231 0.24399038461538458 0.08653846153846156
3 0.45192307692307687 0.673076923076923 0.3798076923076923 0.07331730769230771
3 0.4122596153846154 0.40865384615384615 0.43389423076923084 0.08894230769230771
3 0.2752403846153846 0.24519230769230776 0.23798076923076916 0.09014423076923073
3 0.2728365384615385 0.13100961538461542 0.22596153846153844 0.1454326923076923
3 0.4927884615384615 0.32451923076923067 0.3473557692307693 0.08173076923076927
3 0.5901442307692308 0.4098557692307693 0.15504807692307698 0.07692307692307687
3 0.5444711538461539 0.3762019230769232 0.40745192307692313 0.06971153846153844
3 0.6237980769230769 0.5841346153846154 0.3846153846153847 0.06610576923076916
3 0.6694711538461539 0.6370192307692308 0.2079326923076923 0.043269230769230727
3 0.6213942307692308 0.5036057692307692 0.20913461538461542 0.06971153846153844
2 0.40625 0.9002403846153846 0.04086538461538458 0.027644230769230727
