6 0.4675480769230769 0.9314903846153846 0.058894230769230727 0.05649038461538458
6 0.4447115384615385 0.8197115384615384 0.043269230769230727 0.06850961538461542
6 0.4158653846153846 0.6778846153846154 0.07211538461538458 0.055288461538461564
6 0.4699519230769231 0.6382211538461539 0.06971153846153844 0.05528846153846145
5 0.3317307692307693 0.9314903846153846 0.1826923076923077 0.12379807692307698
5 0.32932692307692313 0.7908653846153846 0.19350961538461542 0.18028846153846156
5 0.29927884615384615 0.6069711538461539 0.21995192307692313 0.1298076923076923
5 0.36057692307692313 0.5769230769230769 0.23798076923076916 0.11057692307692302
3 0.36177884615384615 0.9326923076923077 0.2608173076923077 0.125
3 0.3497596153846154 0.795673076923077 0.2391826923076923 0.1610576923076923
3 0.23798076923076927 0.6165865384615384 0.4423076923076923 0.20432692307692313
3 0.2764423076923077 0.5769230769230769 0.4747596153846154 0.19471153846153844
3 0.6911057692307692 0.16586538461538458 0.30528846153846156 0.1298076923076923
5 0.7247596153846154 0.16346153846153844 0.10817307692307698 0.12019230769230771
