3 0.47235576923076916 0.40625 0.9375 0.2872596153846154
3 0.25721153846153844 0.9158653846153846 0.40745192307692313 0.11418269230769229
3 0.282451923076923 0.18389423076923073 0.3641826923076923 0.07932692307692313
3 0.2980769230769231 0.10456730769230776 0.3689903846153847 0.07451923076923073
5 0.18629807692307698 0.9242788461538461 0.1826923076923077 0.09254807692307687
5 0.2668269230769231 0.4074519230769231 0.3870192307692307 0.19471153846153844
5 0.21514423076923078 0.1802884615384615 0.1466346153846153 0.08653846153846156
5 0.23557692307692307 0.10576923076923073 0.14182692307692302 0.06850961538461542
3 0.15384615384615385 0.05168269230769229 0.15745192307692313 0.03725961538461542
2 0.07932692307692307 0.9110576923076923 0.043269230769230727 0.05288461538461542
2 0.04086538461538458 0.46153846153846156 0.07211538461538458 0.07932692307692313
2 0.12019230769230771 0.18629807692307682 0.04326923076923084 0.034855769230769273
2 0.13341346153846156 0.11538461538461542 0.04807692307692313 0.03245192307692313
