3 0.6609375 0.32421875 0.1875 0.6484375
3 0.890625 0.34843749999999996 0.21875 0.6968749999999999
3 0.3765625 0.39765625000000004 0.12109375 0.5718749999999999
3 0.24765625000000002 0.41015625 0.13749999999999996 0.52421875
3 0.16874999999999996 0.44531250000000006 0.09296875000000004 0.46406249999999993
3 0.45234375000000004 0.41015625 0.08906250000000004 0.1890624999999999
3 0.9578125 0.67734375 0.06640625 0.18281250000000004
3 0.89375 0.68359375 0.0546875 0.1742187500000001
3 0.75 0.64609375 0.051562499999999956 0.1796875
3 0.8 0.640625 0.04140624999999998 0.17656250000000007
4 0.83515625 0.6421875 0.09375 0.11328125
4 0.37421875000000004 0.62734375 0.07734375000000004 0.09062499999999996
4 0.953125 0.74375 0.024218749999999956 0.030468750000000044
0 0.66953125 0.59375 0.07499999999999996 0.11015625000000007
0 0.44453125000000004 0.46406250000000004 0.0390625 0.06953125000000004
0 0.26171874999999994 0.61171875 0.06406250000000002 0.10468750000000004
0 0.1828125000000001 0.62578125 0.06484374999999998 0.09765625
0 0.746875 0.7179687499999999 0.021874999999999978 0.032031249999999956
0 0.7984375 0.71484375 0.022656250000000044 0.02968750000000009
7 0.88828125 0.75078125 0.024218749999999956 0.029687499999999978
0 0.09531250000000002 0.40937500000000004 0.04296875 0.059374999999999956
