7 0.2752403846153847 0.5877403846153846 0.07331730769230771 0.08293269230769229
7 0.30528846153846156 0.2235576923076923 0.078125 0.07451923076923084
7 0.31971153846153844 0.6995192307692307 0.07932692307692313 0.06730769230769229
4 0.33653846153846156 0.41225961538461536 0.08894230769230771 0.08413461538461531
5 0.4807692307692307 0.5997596153846154 0.28004807692307687 0.11899038461538458
5 0.5300480769230769 0.7019230769230769 0.25360576923076916 0.10576923076923073
5 0.5540865384615384 0.39182692307692313 0.31370192307692313 0.15264423076923084
3 0.5661057692307693 0.1983173076923077 0.6322115384615385 0.19350961538461542
3 0.5889423076923077 0.5829326923076923 0.7151442307692308 0.13100961538461542
3 0.6081730769230769 0.7139423076923077 0.6658653846153846 0.14423076923076916
3 0.6237980769230769 0.39663461538461536 0.6754807692307692 0.20432692307692302
