6 0.3221153846153847 0.6189903846153846 0.1923076923076923 0.21995192307692302
1 0.34615384615384615 0.8293269230769231 0.11057692307692313 0.1610576923076923
1 0.42788461538461536 0.6009615384615384 0.08173076923076927 0.1454326923076923
3 0.47596153846153844 0.26201923076923084 0.9134615384615385 0.25
3 0.5096153846153846 0.8605769230769231 0.9098557692307692 0.2752403846153846
3 0.6057692307692307 0.6129807692307693 0.7860576923076923 0.40625
5 0.8064903846153846 0.6310096153846154 0.37139423076923084 0.3545673076923077
6 0.12620192307692307 0.2391826923076923 0.21754807692307698 0.18149038461538458
6 0.2079326923076923 0.8689903846153846 0.30048076923076916 0.2596153846153846
1 0.2295673076923077 0.20673076923076927 0.11899038461538458 0.1454326923076923
