2 0.3870192307692307 0.6153846153846154 0.08413461538461542 0.1346153846153847
2 0.6346153846153846 0.576923076923077 0.07932692307692302 0.1358173076923077
2 0.5492788461538461 0.5661057692307693 0.05769230769230771 0.08894230769230771
2 0.7884615384615385 0.5637019230769231 0.07211538461538469 0.11538461538461542
2 0.03725961538461542 0.561298076923077 0.05769230769230771 0.08894230769230771
2 0.43990384615384615 0.5564903846153846 0.04807692307692313 0.078125
3 0.05288461538461542 0.40745192307692313 0.10336538461538458 0.42548076923076916
3 0.45192307692307687 0.3653846153846154 0.08774038461538458 0.5
3 0.5480769230769231 0.35817307692307687 0.1045673076923076 0.5348557692307692
3 0.3653846153846154 0.3377403846153846 0.15985576923076916 0.6454326923076923
3 0.65625 0.3317307692307693 0.16225961538461542 0.6598557692307694
3 0.7956730769230769 0.3161057692307693 0.15264423076923073 0.6286057692307694
