2 0.9134615384615385 0.18870192307692307 0.05288461538461531 0.16225961538461542
2 0.858173076923077 0.19831730769230768 0.05769230769230771 0.16826923076923078
2 0.7716346153846154 0.20192307692307693 0.06129807692307698 0.11778846153846156
2 0.6947115384615385 0.21153846153846154 0.05288461538461531 0.11057692307692307
2 0.40504807692307687 0.22115384615384615 0.05288461538461542 0.0925480769230769
2 0.46394230769230776 0.2223557692307692 0.027644230769230727 0.06850961538461536
2 0.5504807692307692 0.22596153846153844 0.03125 0.08774038461538458
2 0.6213942307692307 0.234375 0.02644230769230771 0.07211538461538458
2 0.515625 0.2403846153846154 0.04326923076923084 0.09735576923076922
2 0.3245192307692307 0.2403846153846154 0.02524038461538458 0.07211538461538464
2 0.6502403846153846 0.24879807692307693 0.030048076923076983 0.07451923076923075
2 0.30168269230769235 0.25600961538461536 0.027644230769230727 0.0612980769230769
3 0.30889423076923067 0.38100961538461536 0.08173076923076927 0.3497596153846153
3 0.7716346153846154 0.4026442307692307 0.11899038461538458 0.5144230769230769
3 0.626201923076923 0.41346153846153844 0.05769230769230771 0.4158653846153846
3 0.5240384615384616 0.4375 0.12019230769230771 0.5
3 0.6778846153846154 0.4519230769230769 0.13942307692307698 0.5901442307692307
3 0.40504807692307687 0.46875 0.10456730769230771 0.5745192307692308
