3 0.4 0.7125 0.42421874999999987 0.10468750000000004
3 0.34921875 0.93515625 0.24140625000000004 0.06640625
3 0.37265625 0.5265625 0.45234375000000004 0.10703125000000002
3 0.4046875 0.31484375 0.43984374999999987 0.09687500000000004
3 0.4265624999999999 0.21640624999999997 0.39140625000000007 0.10703125000000002
4 0.43203125 0.9296875 0.06718749999999996 0.035937499999999956
0 0.56328125 0.71953125 0.09218749999999998 0.046875
0 0.5406249999999999 0.53359375 0.11562499999999998 0.05234375000000013
4 0.5718749999999999 0.2882812500000001 0.09609374999999998 0.04531249999999998
0 0.58671875 0.18593749999999992 0.08046874999999998 0.04062500000000002
