7 0.5745192307692308 0.6694711538461539 0.0625 0.07692307692307687
7 0.5685096153846153 0.4903846153846154 0.06730769230769229 0.051682692307692346
0 0.5372596153846153 0.1045673076923077 0.06730769230769229 0.06850961538461539
7 0.5336538461538461 0.04567307692307691 0.10456730769230771 0.08653846153846154
5 0.4158653846153846 0.48677884615384615 0.20913461538461542 0.11057692307692313
5 0.39302884615384615 0.6694711538461539 0.24278846153846145 0.12620192307692313
3 0.34975961538461536 0.12019230769230771 0.467548076923077 0.10937500000000001
3 0.32692307692307687 0.4783653846153846 0.546875 0.10937499999999994
3 0.3125 0.6658653846153846 0.5901442307692308 0.16346153846153844
5 0.29807692307692313 0.07211538461538461 0.3329326923076923 0.12980769230769235
