0 0.6334134615384617 0.6742788461538461 0.11778846153846156 0.08894230769230771
0 0.3425480769230769 0.5745192307692307 0.07211538461538469 0.06370192307692313
7 0.3485576923076923 0.4699519230769232 0.078125 0.06370192307692302
7 0.3509615384615385 0.39783653846153844 0.07451923076923073 0.07692307692307687
7 0.3329326923076923 0.20913461538461536 0.12139423076923084 0.10817307692307698
5 0.5264423076923077 0.46033653846153844 0.24399038461538458 0.11057692307692313
5 0.5588942307692307 0.3653846153846154 0.29567307692307687 0.10336538461538458
5 0.609375 0.16346153846153844 0.40985576923076916 0.125
5 0.7067307692307693 0.5552884615384617 0.21875 0.21514423076923073
3 0.7836538461538461 0.579326923076923 0.40745192307692313 0.28245192307692313
3 0.46033653846153844 0.5661057692307692 0.32692307692307687 0.12860576923076927
3 0.6322115384615384 0.4639423076923077 0.6574519230769231 0.10336538461538458
3 0.6334134615384616 0.3713942307692307 0.6490384615384615 0.12019230769230771
3 0.6286057692307693 0.17548076923076922 0.7283653846153846 0.19110576923076927
