6 0.7283653846153846 0.5432692307692307 0.038461538461538436 0.03725961538461542
6 0.6694711538461539 0.5408653846153846 0.04206730769230771 0.03605769230769229
6 0.5901442307692308 0.546875 0.038461538461538436 0.03725961538461542
6 0.5456730769230769 0.5697115384615384 0.03125 0.02644230769230771
6 0.5120192307692308 0.5685096153846154 0.04086538461538469 0.03725961538461542
6 0.5060096153846153 0.5480769230769231 0.030048076923076872 0.034855769230769273
6 0.42908653846153844 0.5444711538461537 0.03245192307692313 0.038461538461538436
0 0.35096153846153844 0.5444711538461539 0.03725961538461542 0.03605769230769229
5 0.7331730769230769 0.6286057692307694 0.05288461538461542 0.11298076923076927
5 0.6778846153846153 0.6322115384615384 0.06129807692307687 0.11899038461538458
5 0.6021634615384616 0.640625 0.06730769230769229 0.125
5 0.5576923076923077 0.6514423076923077 0.027644230769230838 0.11899038461538458
5 0.5228365384615384 0.6742788461538461 0.07331730769230771 0.14182692307692313
5 0.43750000000000006 0.6165865384615384 0.058894230769230727 0.11418269230769229
5 0.3389423076923077 0.6310096153846154 0.08413461538461542 0.12860576923076916
3 0.7391826923076923 0.669471153846154 0.05889423076923084 0.30528846153846156
3 0.6754807692307692 0.6742788461538461 0.06850961538461531 0.31129807692307687
3 0.6009615384615384 0.6947115384615384 0.07692307692307687 0.3329326923076923
3 0.546875 0.6802884615384616 0.05288461538461542 0.26682692307692313
3 0.5060096153846153 0.7223557692307692 0.08293269230769229 0.3245192307692307
3 0.49879807692307687 0.6502403846153846 0.05288461538461542 0.2451923076923077
3 0.4314903846153846 0.6754807692307692 0.07331730769230771 0.3028846153846153
3 0.3197115384615385 0.6802884615384615 0.12139423076923073 0.3088942307692307
