2 0.42307692307692313 0.6995192307692308 0.07211538461538458 0.043269230769230727
2 0.4495192307692307 0.6622596153846154 0.08293269230769229 0.04807692307692302
2 0.4519230769230769 0.9675480769230769 0.07692307692307698 0.05288461538461531
2 0.4627403846153846 0.2692307692307693 0.09375 0.0625
2 0.46634615384615385 0.6153846153846154 0.05769230769230771 0.03125
2 0.4675480769230769 0.4519230769230769 0.07451923076923073 0.043269230769230727
2 0.47596153846153844 0.7427884615384616 0.07692307692307687 0.05288461538461542
2 0.4783653846153847 0.5216346153846154 0.08293269230769229 0.055288461538461564
3 0.6310096153846154 0.5997596153846153 0.40264423076923084 0.07331730769230771
3 0.6370192307692307 0.9651442307692308 0.46995192307692313 0.06129807692307698
3 0.6394230769230769 0.43629807692307687 0.420673076923077 0.078125
3 0.6622596153846154 0.7632211538461539 0.4627403846153846 0.10456730769230771
3 0.6646634615384616 0.6682692307692308 0.5048076923076923 0.08413461538461542
3 0.6742788461538461 0.5048076923076923 0.45432692307692313 0.09975961538461542
3 0.703125 0.26442307692307687 0.578125 0.1610576923076923
