2 0.6177884615384616 0.6766826923076923 0.07692307692307687 0.140625
2 0.21153846153846156 0.670673076923077 0.05649038461538458 0.09855769230769229
2 0.4495192307692308 0.6694711538461539 0.07451923076923073 0.1670673076923077
2 0.016826923076923128 0.6502403846153847 0.030048076923076872 0.07692307692307687
2 0.3245192307692307 0.6478365384615384 0.04206730769230771 0.08293269230769229
2 0.13221153846153844 0.6478365384615384 0.030048076923076872 0.05168269230769229
2 0.050480769230769273 0.641826923076923 0.030048076923076872 0.05168269230769229
2 0.4903846153846154 0.608173076923077 0.03485576923076916 0.06730769230769229
2 0.7427884615384617 0.5973557692307692 0.058894230769230727 0.109375
3 0.12379807692307687 0.5264423076923077 0.06850961538461542 0.28125
3 0.030048076923076872 0.4855769230769232 0.05649038461538458 0.423076923076923
3 0.3185096153846154 0.4627403846153846 0.125 0.4483173076923077
3 0.1923076923076923 0.45432692307692313 0.13701923076923084 0.5168269230769231
3 0.4158653846153846 0.39182692307692313 0.21274038461538458 0.7331730769230769
3 0.6009615384615384 0.38942307692307687 0.1875 0.7247596153846154
3 0.7524038461538461 0.34375 0.1358173076923077 0.6153846153846154
