3 0.8954326923076923 0.43870192307692313 0.13461538461538458 0.5120192307692308
3 0.6862980769230769 0.4471153846153846 0.12620192307692302 0.4170673076923077
3 0.6141826923076923 0.4747596153846154 0.078125 0.2596153846153846
3 0.18990384615384615 0.3533653846153846 0.3233173076923077 0.671875
3 0.07211538461538464 0.5192307692307692 0.07451923076923073 0.18028846153846156
7 0.8846153846153846 0.6634615384615384 0.07211538461538458 0.06850961538461542
7 0.6610576923076923 0.6201923076923077 0.04326923076923084 0.05889423076923084
7 0.6009615384615384 0.5841346153846154 0.03846153846153855 0.038461538461538436
7 0.3016826923076923 0.5961538461538461 0.09975961538461542 0.17307692307692313
7 0.08653846153846156 0.5817307692307693 0.04567307692307687 0.04807692307692313
