7 0.7704326923076923 0.42427884615384615 0.19951923076923084 0.14182692307692307
6 0.7548076923076923 0.5745192307692307 0.19951923076923084 0.171875
1 0.6802884615384615 0.41466346153846156 0.07451923076923073 0.13942307692307693
1 0.6682692307692308 0.5661057692307693 0.07692307692307698 0.11418269230769229
3 0.5012019230769231 0.20673076923076922 0.984375 0.391826923076923
3 0.4471153846153846 0.5877403846153846 0.8641826923076923 0.21274038461538458
3 0.4435096153846154 0.4266826923076923 0.8822115384615383 0.18389423076923084
5 0.3533653846153846 0.19230769230769232 0.703125 0.3713942307692308
5 0.2908653846153846 0.5432692307692307 0.5793269230769231 0.20192307692307687
1 0.8569711538461539 0.29567307692307687 0.07692307692307687 0.16706730769230765
