2 0.17548076923076922 0.7644230769230769 0.14423076923076927 0.25
2 0.7151442307692306 0.6622596153846154 0.07451923076923073 0.15264423076923073
2 0.6189903846153846 0.6574519230769231 0.08653846153846156 0.18629807692307698
2 0.5625 0.6490384615384616 0.043269230769230727 0.11057692307692313
2 0.8329326923076923 0.6322115384615384 0.05288461538461542 0.11057692307692313
2 0.44350961538461536 0.6310096153846153 0.055288461538461564 0.11418269230769229
2 0.3581730769230769 0.6237980769230769 0.07451923076923073 0.16586538461538458
3 0.17307692307692302 0.46153846153846156 0.3076923076923077 0.875
3 0.6490384615384615 0.3798076923076923 0.21514423076923073 0.734375
3 0.8305288461538461 0.3629807692307693 0.15504807692307687 0.6514423076923077
3 0.4675480769230769 0.35817307692307687 0.1502403846153847 0.6550480769230769
3 0.36057692307692313 0.3545673076923077 0.19711538461538458 0.7067307692307692
