3 0.12109375 0.9046875 0.12578125 0.19062500000000004
3 0.22734375 0.78125 0.14531250000000004 0.43671874999999993
3 0.41015625 0.74921875 0.08828125000000003 0.5015624999999999
3 0.496875 0.78671875 0.12578125000000007 0.42656249999999996
3 0.63671875 0.7515625 0.13046875000000002 0.42656249999999996
3 0.80078125 0.84921875 0.15625 0.30156249999999996
3 0.8453125 0.7203125 0.09296875000000004 0.234375
3 0.80625 0.553125 0.0859375 0.37187499999999996
3 0.7234375 0.57109375 0.07890624999999996 0.46249999999999997
3 0.58984375 0.39140625 0.08828124999999998 0.38515625
4 0.12499999999999999 0.875 0.09453124999999998 0.12265625000000002
4 0.23984375 0.62578125 0.07578124999999997 0.11250000000000004
4 0.3609375 0.93671875 0.08359374999999997 0.12578125000000007
4 0.6539062499999999 0.625 0.06484374999999998 0.10234374999999996
4 0.7359375 0.38046875 0.057812500000000044 0.08906249999999999
4 0.80234375 0.39765625 0.05078125 0.07265624999999998
7 0.5953125 0.23359375 0.05078125 0.0703125
7 0.83828125 0.6585937499999999 0.07109374999999996 0.10781249999999998
7 0.8171875 0.75390625 0.08281249999999996 0.12734374999999998
