3 0.5348557692307693 0.21634615384615385 0.6177884615384615 0.1550480769230769
3 0.5384615384615384 0.38221153846153844 0.6634615384615385 0.1454326923076923
3 0.5288461538461539 0.5276442307692307 0.6730769230769231 0.16586538461538458
3 0.5264423076923077 0.7019230769230769 0.6682692307692308 0.17788461538461542
3 0.5420673076923077 0.8701923076923077 0.6875 0.16826923076923084
5 0.4495192307692307 0.22235576923076922 0.2704326923076923 0.11418269230769229
5 0.45072115384615385 0.38701923076923084 0.24879807692307687 0.12620192307692307
5 0.43389423076923084 0.5240384615384616 0.24399038461538458 0.13461538461538458
5 0.41346153846153844 0.6971153846153846 0.2295673076923077 0.13100961538461542
5 0.4447115384615385 0.8713942307692307 0.2692307692307693 0.140625
6 0.2608173076923077 0.234375 0.06850961538461542 0.058894230769230754
6 0.2596153846153846 0.37740384615384615 0.078125 0.06730769230769229
6 0.24639423076923078 0.5216346153846154 0.06850961538461531 0.06610576923076922
6 0.251201923076923 0.6862980769230769 0.07331730769230771 0.07451923076923073
6 0.24879807692307693 0.8629807692307694 0.06610576923076927 0.06610576923076927
