4 0.7584134615384615 0.7908653846153846 0.06971153846153844 0.12139423076923084
4 0.3377403846153847 0.7800480769230769 0.11057692307692307 0.20432692307692302
6 0.8762019230769231 0.7247596153846154 0.04567307692307687 0.05649038461538458
5 0.12379807692307693 0.6634615384615384 0.19110576923076922 0.375
5 0.6971153846153846 0.6346153846153846 0.140625 0.296875
5 0.36298076923076916 0.6105769230769231 0.18269230769230765 0.2752403846153846
5 0.8641826923076923 0.5901442307692308 0.09014423076923073 0.19471153846153844
3 0.8557692307692308 0.5276442307692308 0.09735576923076927 0.4375
3 0.6983173076923077 0.5264423076923077 0.19350961538461542 0.65625
3 0.3629807692307692 0.44471153846153844 0.23317307692307696 0.8653846153846154
1 0.10576923076923078 0.8521634615384616 0.07812500000000001 0.03605769230769229
