3 0.09140625000000008 0.63671875 0.16640624999999998 0.7265625
3 0.82109375 0.65078125 0.1484375 0.6984375
3 0.69140625 0.653125 0.10546875 0.6382812499999999
3 0.45625000000000004 0.58984375 0.08125000000000004 0.5171874999999999
3 0.5210937499999999 0.60546875 0.07656249999999998 0.53046875
3 0.596875 0.63125 0.08906249999999993 0.58203125
7 0.11093750000000008 0.33515625 0.08828124999999998 0.11953124999999998
0 0.80859375 0.35 0.07656250000000009 0.09453125000000001
7 0.69765625 0.40390625 0.061718750000000044 0.0859375
7 0.6 0.390625 0.050000000000000044 0.06875000000000003
7 0.528125 0.3765625 0.04453125000000002 0.07343749999999999
7 0.45859374999999997 0.3765625 0.04843750000000002 0.04296875
