7 0.3918269230769231 0.8269230769230769 0.06370192307692302 0.055288461538461564
7 0.47235576923076916 0.7596153846153846 0.0625 0.06610576923076916
7 0.3870192307692307 0.7175480769230769 0.05168269230769229 0.046875
7 0.4447115384615384 0.6526442307692308 0.05288461538461531 0.05649038461538469
7 0.30288461538461536 0.5360576923076923 0.034855769230769273 0.027644230769230838
7 0.3245192307692308 0.3725961538461539 0.04567307692307698 0.038461538461538436
7 0.1766826923076923 0.3341346153846154 0.03725961538461542 0.02644230769230771
7 0.28125 0.21274038461538464 0.046875 0.043269230769230727
7 0.28245192307692313 0.2908653846153845 0.046875 0.034855769230769273
0 0.35216346153846156 0.6141826923076923 0.04807692307692313 0.04326923076923084
0 0.3221153846153846 0.4555288461538462 0.03125 0.038461538461538436
0 0.3810096153846154 0.43509615384615385 0.05889423076923084 0.04807692307692313
6 0.360576923076923 0.14903846153846162 0.05168269230769229 0.058894230769230727
6 0.3401442307692308 0.25120192307692313 0.055288461538461564 0.04567307692307687
6 0.3125 0.6875 0.04326923076923084 0.04326923076923084
6 0.391826923076923 0.5528846153846154 0.05769230769230771 0.04807692307692302
5 0.6598557692307693 0.7512019230769231 0.28245192307692313 0.14182692307692302
5 0.6189903846153846 0.6394230769230769 0.26923076923076916 0.11899038461538458
5 0.45673076923076916 0.6081730769230769 0.14423076923076916 0.078125
5 0.5192307692307693 0.5420673076923077 0.1923076923076923 0.08774038461538458
5 0.5144230769230769 0.4338942307692307 0.18870192307692302 0.09375
5 0.515625 0.34134615384615385 0.23076923076923084 0.11057692307692313
5 0.46995192307692313 0.2572115384615385 0.19951923076923084 0.09014423076923073
5 0.4951923076923077 0.15504807692307693 0.21274038461538458 0.10576923076923073
5 0.3701923076923077 0.2055288461538462 0.11298076923076916 0.06971153846153844
5 0.35576923076923084 0.29687499999999994 0.10576923076923084 0.08173076923076927
5 0.391826923076923 0.453125 0.08894230769230771 0.06850961538461542
3 0.6262019230769231 0.8197115384615384 0.5276442307692308 0.16586538461538458
3 0.6814903846153846 0.7439903846153847 0.469951923076923 0.1358173076923077
3 0.6454326923076923 0.6394230769230769 0.4435096153846154 0.15264423076923084
3 0.4423076923076923 0.6069711538461539 0.22836538461538458 0.08653846153846145
3 0.39182692307692313 0.6802884615384616 0.19951923076923084 0.08894230769230771
3 0.6021634615384616 0.5384615384615385 0.4795673076923077 0.09735576923076927
3 0.37379807692307687 0.5276442307692308 0.16225961538461542 0.08413461538461542
3 0.3677884615384615 0.4543269230769231 0.13701923076923073 0.08173076923076927
3 0.5817307692307694 0.43990384615384615 0.4411057692307693 0.08293269230769229
3 0.3689903846153847 0.37259615384615385 0.12620192307692313 0.06129807692307687
3 0.5757211538461539 0.34134615384615385 0.45432692307692313 0.09254807692307687
3 0.5480769230769231 0.2560096153846155 0.47235576923076916 0.09014423076923073
3 0.5012019230769231 0.15625000000000006 0.3377403846153846 0.10576923076923073
3 0.33052884615384615 0.20913461538461542 0.1514423076923077 0.06730769230769229
3 0.23798076923076922 0.32692307692307687 0.1658653846153847 0.08413461538461542
