2 0.6033653846153847 0.6850961538461539 0.07331730769230771 0.14182692307692313
2 0.6971153846153846 0.6814903846153846 0.07451923076923084 0.11298076923076927
2 0.3317307692307693 0.6730769230769231 0.07211538461538458 0.13942307692307698
2 0.5072115384615384 0.671875 0.08413461538461542 0.16826923076923084
2 0.1875 0.6622596153846154 0.11538461538461542 0.22475961538461542
3 0.4951923076923077 0.38221153846153844 0.140625 0.75
3 0.16586538461538458 0.38221153846153844 0.1923076923076923 0.75
3 0.5913461538461539 0.38221153846153844 0.11418269230769229 0.734375
3 0.7043269230769231 0.37740384615384615 0.1358173076923076 0.7235576923076923
3 0.31850961538461536 0.37620192307692313 0.13942307692307698 0.7307692307692308
