5 0.7824519230769231 0.48798076923076916 0.19711538461538458 0.40624999999999994
5 0.6310096153846154 0.5120192307692306 0.14663461538461542 0.3245192307692307
5 0.5084134615384616 0.4951923076923077 0.14182692307692313 0.30048076923076916
5 0.3786057692307693 0.47115384615384615 0.15024038461538458 0.2608173076923077
5 0.2560096153846154 0.49158653846153844 0.14663461538461542 0.2704326923076923
3 0.7848557692307692 0.5709134615384616 0.20192307692307698 0.8545673076923077
3 0.6358173076923077 0.5973557692307693 0.15024038461538458 0.7848557692307694
3 0.5036057692307692 0.5901442307692307 0.15264423076923084 0.796875
3 0.37379807692307687 0.5925480769230769 0.171875 0.7800480769230769
3 0.24639423076923073 0.6021634615384616 0.17788461538461542 0.7548076923076923
6 0.7800480769230769 0.18509615384615385 0.09495192307692302 0.07932692307692307
6 0.2620192307692307 0.2692307692307692 0.07331730769230771 0.078125
0 0.6225961538461539 0.25 0.09254807692307687 0.08413461538461542
0 0.5060096153846154 0.24519230769230768 0.09014423076923073 0.07211538461538464
0 0.3954326923076923 0.2439903846153846 0.08774038461538458 0.07932692307692307
