1 0.8293269230769231 0.3173076923076923 0.1923076923076924 0.10336538461538458
1 0.14663461538461542 0.33052884615384615 0.1923076923076923 0.08894230769230771
7 0.4879807692307693 0.358173076923077 0.20432692307692313 0.2235576923076923
1 0.47716346153846156 0.4170673076923077 0.1514423076923077 0.13701923076923084
3 0.13942307692307687 0.5192307692307693 0.2752403846153846 0.9579326923076923
3 0.8149038461538461 0.5216346153846154 0.3545673076923077 0.9338942307692308
3 0.4122596153846154 0.5913461538461539 0.375 0.6826923076923077
5 0.6574519230769231 0.6213942307692307 0.20913461538461542 0.42307692307692313
5 0.38942307692307687 0.7127403846153846 0.3377403846153846 0.2860576923076923
5 0.11057692307692313 0.7259615384615384 0.21875 0.5324519230769231
1 0.6298076923076923 0.16225961538461536 0.14423076923076916 0.11057692307692302
7 0.140625 0.19110576923076922 0.2596153846153846 0.2716346153846153
