3 0.5144230769230769 0.8269230769230769 0.9447115384615383 0.33653846153846156
3 0.5144230769230769 0.5841346153846154 0.9519230769230769 0.25721153846153844
3 0.5300480769230769 0.30528846153846156 0.9134615384615383 0.29807692307692313
5 0.5709134615384616 0.8341346153846154 0.5072115384615385 0.33173076923076916
5 0.5793269230769231 0.6045673076923077 0.6622596153846154 0.24399038461538458
5 0.6177884615384616 0.3064903846153846 0.6454326923076923 0.30048076923076916
4 0.14423076923076927 0.8425480769230769 0.2139423076923077 0.16225961538461542
6 0.14182692307692307 0.5396634615384616 0.20673076923076927 0.1358173076923077
6 0.17067307692307693 0.2884615384615385 0.16826923076923073 0.13221153846153844
1 0.23317307692307698 0.5420673076923077 0.04807692307692313 0.07211538461538458
1 0.2596153846153847 0.30769230769230765 0.04807692307692313 0.08173076923076927
