1 0.3197115384615384 0.748798076923077 0.09735576923076927 0.12019230769230771
6 0.7884615384615384 0.7487980769230769 0.24399038461538458 0.265625
6 0.4627403846153846 0.7199519230769231 0.20913461538461542 0.264423076923077
1 0.47475961538461536 0.5817307692307692 0.13221153846153844 0.08774038461538458
3 0.20432692307692307 0.4963942307692307 0.3942307692307693 0.9903846153846154
3 0.7896634615384616 0.44591346153846156 0.4170673076923077 0.8641826923076923
3 0.5012019230769231 0.4435096153846154 0.3389423076923077 0.8689903846153846
5 0.7884615384615384 0.26322115384615385 0.42067307692307687 0.5108173076923077
5 0.49759615384615385 0.21875 0.34254807692307687 0.40625
6 0.27403846153846156 0.8665865384615384 0.2608173076923077 0.26442307692307687
