2 0.5324519230769231 0.9567307692307693 0.07692307692307698 0.04206730769230771
2 0.5372596153846154 0.25360576923076933 0.07211538461538458 0.043269230769230727
2 0.5396634615384616 0.7175480769230769 0.06730769230769229 0.034855769230769273
2 0.5408653846153846 0.5685096153846154 0.06971153846153844 0.03725961538461542
2 0.5456730769230769 0.875 0.07211538461538458 0.03725961538461542
2 0.546875 0.48197115384615385 0.06850961538461542 0.03846153846153855
2 0.546875 0.38942307692307687 0.06850961538461542 0.046875
2 0.5480769230769231 0.7800480769230769 0.07211538461538458 0.04086538461538469
2 0.5793269230769231 0.21514423076923078 0.078125 0.043269230769230727
2 0.5961538461538461 0.31129807692307687 0.06730769230769229 0.046875
3 0.6887019230769231 0.9567307692307693 0.3990384615384616 0.08293269230769229
3 0.7067307692307693 0.6995192307692308 0.40504807692307687 0.10576923076923073
3 0.7091346153846154 0.7908653846153846 0.4110576923076923 0.08653846153846156
3 0.7091346153846154 0.576923076923077 0.40264423076923084 0.10817307692307687
3 0.7115384615384615 0.8725961538461539 0.4026442307692307 0.09855769230769229
3 0.7223557692307694 0.4735576923076923 0.4158653846153847 0.109375
3 0.7307692307692307 0.25841346153846156 0.4615384615384615 0.07932692307692313
3 0.7307692307692307 0.38822115384615385 0.453125 0.09254807692307687
3 0.7560096153846154 0.3076923076923077 0.40264423076923084 0.078125
3 0.768028846153846 0.19711538461538453 0.44471153846153844 0.09254807692307698
