4 0.578125 0.7019230769230769 0.12139423076923073 0.12139423076923073
7 0.4435096153846154 0.6935096153846154 0.10336538461538464 0.13942307692307698
6 0.2608173076923077 0.6911057692307692 0.125 0.14182692307692302
1 0.5637019230769231 0.6346153846153846 0.05288461538461542 0.03725961538461531
1 0.4423076923076923 0.6262019230769231 0.06850961538461542 0.025240384615384692
1 0.2776442307692308 0.6201923076923077 0.05769230769230771 0.03125
5 0.23918269230769232 0.41346153846153844 0.20673076923076922 0.37620192307692313
3 0.44350961538461536 0.3942307692307693 0.21153846153846156 0.765625
3 0.6033653846153846 0.38942307692307687 0.21875 0.7512019230769231
3 0.2391826923076923 0.3858173076923077 0.21274038461538458 0.7692307692307692
5 0.4567307692307693 0.3786057692307693 0.19711538461538464 0.40745192307692313
5 0.6370192307692307 0.3653846153846154 0.1670673076923077 0.4435096153846154
