5 0.8449519230769231 0.39423076923076916 0.10576923076923073 0.20673076923076922
5 0.5588942307692307 0.3689903846153847 0.10456730769230771 0.15264423076923078
5 0.5637019230769231 0.6923076923076923 0.09975961538461542 0.24399038461538458
5 0.43149038461538464 0.3846153846153847 0.07451923076923073 0.18389423076923078
5 0.2704326923076923 0.32692307692307687 0.046875 0.09254807692307693
6 0.5060096153846153 0.30889423076923084 0.04567307692307687 0.09495192307692307
6 0.37259615384615385 0.30288461538461536 0.05168269230769229 0.09855769230769229
6 0.2596153846153846 0.26802884615384615 0.02524038461538458 0.04206730769230771
3 0.8377403846153846 0.5084134615384616 0.1201923076923076 0.6983173076923077
3 0.5432692307692307 0.6730769230769231 0.1454326923076923 0.28846153846153844
3 0.5612980769230769 0.4423076923076923 0.1610576923076924 0.41826923076923084
3 0.4098557692307693 0.49278846153846156 0.13942307692307687 0.515625
3 0.26442307692307687 0.3581730769230769 0.06850961538461542 0.24278846153846156
