3 0.8695312500000001 0.38984375000000004 0.22031250000000002 0.7796875000000001
3 0.6773437500000001 0.53359375 0.06015625000000002 0.25156250000000013
3 0.75234375 0.45625 0.16328125000000004 0.28593750000000007
3 0.40156250000000004 0.5281250000000001 0.06640625 0.33671874999999996
3 0.125 0.36875 0.2250000000000001 0.7375
0 0.86171875 0.71875 0.13749999999999996 0.11171875000000009
6 0.17109375 0.65 0.14609375000000002 0.19843750000000004
6 0.06562500000000004 0.66796875 0.0859375 0.12890625
7 0.67578125 0.63984375 0.035937499999999956 0.0390625
7 0.81640625 0.5796875 0.032031249999999956 0.05078125
7 0.39531250000000007 0.671875 0.035937499999999956 0.03203125000000007
