3 0.45546875 0.3234375 0.051562499999999956 0.16249999999999998
3 0.30937500000000007 0.35156250000000006 0.055468749999999956 0.17656250000000007
3 0.3 0.33828125 0.03984375000000007 0.15546875000000004
3 0.80078125 0.5265625 0.20156249999999998 0.7367187500000001
3 0.7171875000000001 0.46328125 0.10703125000000002 0.62421875
3 0.60703125 0.47187499999999993 0.13984375000000004 0.57734375
3 0.03984375000000001 0.571875 0.07734374999999993 0.20625000000000004
3 0.0703125 0.5109375 0.06640625 0.16015625
3 0.609375 0.3796875 0.11328125 0.21328124999999998
3 0.79296875 0.4078125 0.14921875000000007 0.28593749999999996
2 0.790625 0.21953125 0.07734375000000004 0.11093750000000002
5 0.4546875 0.2984375 0.03281250000000013 0.05078125
5 0.04218749999999999 0.58125 0.08359375000000002 0.13359375000000007
5 0.06015624999999997 0.5046875 0.04921874999999998 0.06796874999999991
5 0.30078125 0.31796875 0.03125 0.061718750000000044
5 0.7140625 0.3828125 0.09765625 0.2476562499999999
