4 0.8100961538461539 0.37740384615384615 0.1298076923076923 0.11418269230769229
4 0.5865384615384615 0.4963942307692308 0.12860576923076927 0.14903846153846156
4 0.7427884615384616 0.5300480769230769 0.10096153846153855 0.109375
4 0.6526442307692308 0.5564903846153846 0.06971153846153844 0.12379807692307698
4 0.3004807692307693 0.4795673076923077 0.125 0.125
3 0.2740384615384616 0.6947115384615384 0.25721153846153844 0.5949519230769231
3 0.5685096153846154 0.7019230769230769 0.1971153846153847 0.5673076923076923
3 0.7403846153846153 0.7307692307692307 0.12019230769230771 0.5168269230769231
3 0.6466346153846154 0.6177884615384617 0.09014423076923073 0.2692307692307693
3 0.8545673076923077 0.65625 0.21875 0.6622596153846154
