3 0.5564903846153846 0.7139423076923077 0.8605769230769231 0.34375
3 0.5576923076923077 0.4471153846153845 0.8221153846153846 0.21754807692307698
3 0.5901442307692307 0.2560096153846154 0.7764423076923077 0.23076923076923084
3 0.467548076923077 0.1514423076923077 0.3485576923076923 0.078125
3 0.4795673076923077 0.09134615384615385 0.36298076923076916 0.07331730769230771
5 0.5 0.6706730769230769 0.453125 0.234375
5 0.47716346153846156 0.45432692307692313 0.40745192307692313 0.22475961538461542
5 0.5384615384615384 0.2764423076923077 0.39182692307692313 0.19350961538461542
5 0.44591346153846156 0.15144230769230765 0.1454326923076923 0.08173076923076927
5 0.44711538461538464 0.08774038461538453 0.16346153846153844 0.050480769230769273
5 0.3497596153846154 0.037259615384615474 0.18149038461538458 0.06971153846153844
6 0.18629807692307693 0.6057692307692308 0.12860576923076927 0.1358173076923076
6 0.18149038461538458 0.46634615384615385 0.1358173076923077 0.08894230769230771
6 0.2536057692307692 0.31129807692307687 0.10336538461538469 0.1358173076923077
6 0.33533653846153844 0.14783653846153844 0.04567307692307687 0.04807692307692313
6 0.32572115384615385 0.08774038461538458 0.05528846153846145 0.05769230769230771
