2 0.9783653846153846 0.7644230769230769 0.04086538461538458 0.2560096153846153
2 0.7908653846153846 0.7235576923076923 0.109375 0.19350961538461542
2 0.8689903846153846 0.6947115384615384 0.05769230769230771 0.10817307692307687
2 0.6153846153846154 0.6598557692307693 0.058894230769230727 0.09855769230769229
2 0.4759615384615385 0.6177884615384616 0.043269230769230727 0.08293269230769229
2 0.39182692307692313 0.6033653846153846 0.07211538461538458 0.1310096153846153
2 0.3064903846153846 0.5925480769230769 0.046875 0.08173076923076927
2 0.17788461538461542 0.5673076923076923 0.046875 0.09014423076923084
2 0.08173076923076922 0.5673076923076923 0.05288461538461531 0.09014423076923084
3 0.6394230769230769 0.4314903846153846 0.1670673076923077 0.5576923076923077
3 0.4927884615384616 0.4266826923076923 0.12139423076923073 0.48076923076923084
3 0.8425480769230769 0.41466346153846156 0.30048076923076916 0.7956730769230769
3 0.19471153846153844 0.40745192307692313 0.13221153846153855 0.43389423076923084
3 0.31009615384615385 0.4002403846153846 0.11057692307692313 0.46514423076923084
3 0.09014423076923078 0.35817307692307687 0.1346153846153847 0.5108173076923077
3 0.4110576923076923 0.3401442307692307 0.15985576923076916 0.6514423076923077
