2 0.6887019230769231 0.563701923076923 0.16826923076923073 0.08894230769230771
2 0.6887019230769231 0.8497596153846154 0.203125 0.125
2 0.6887019230769231 0.19350961538461542 0.21995192307692302 0.11418269230769229
2 0.6502403846153846 0.2956730769230769 0.1610576923076924 0.07932692307692302
2 0.6201923076923077 0.6237980769230769 0.08173076923076916 0.06129807692307698
2 0.6141826923076923 0.7680288461538461 0.08774038461538458 0.03846153846153855
2 0.608173076923077 0.4651442307692307 0.10456730769230771 0.05649038461538458
2 0.5769230769230769 0.7247596153846154 0.06850961538461531 0.038461538461538436
3 0.4278846153846155 0.7067307692307693 0.360576923076923 0.09855769230769229
3 0.40865384615384615 0.13221153846153844 0.7704326923076923 0.24038461538461542
3 0.4026442307692307 0.8269230769230769 0.7752403846153846 0.31971153846153844
3 0.38822115384615385 0.5528846153846153 0.7704326923076923 0.2235576923076923
3 0.3713942307692307 0.31370192307692313 0.7379807692307694 0.20913461538461542
