2 0.36778846153846156 0.5504807692307692 0.04807692307692313 0.08413461538461531
2 0.7704326923076923 0.5360576923076923 0.05649038461538458 0.08774038461538458
2 0.4206730769230769 0.5240384615384617 0.043269230769230727 0.08173076923076927
2 0.640625 0.5228365384615384 0.03485576923076916 0.07331730769230771
2 0.5504807692307692 0.516826923076923 0.04567307692307698 0.07932692307692313
2 0.9038461538461539 0.5108173076923077 0.04206730769230771 0.08173076923076916
2 0.860576923076923 0.5072115384615385 0.05168269230769229 0.09735576923076927
2 0.7307692307692308 0.5060096153846154 0.046875 0.06850961538461542
2 0.6887019230769231 0.5048076923076923 0.03485576923076916 0.078125
3 0.4158653846153846 0.3653846153846154 0.08894230769230771 0.4266826923076923
3 0.6213942307692307 0.34254807692307687 0.10456730769230771 0.4002403846153846
3 0.9314903846153846 0.3401442307692307 0.08653846153846156 0.46754807692307687
3 0.34495192307692313 0.33173076923076933 0.10336538461538458 0.4963942307692307
3 0.5420673076923077 0.3293269230769232 0.11899038461538458 0.438701923076923
3 0.6875 0.3221153846153846 0.05649038461538458 0.4110576923076923
3 0.7572115384615385 0.3016826923076923 0.07211538461538469 0.5372596153846154
3 0.8533653846153846 0.2776442307692307 0.140625 0.5504807692307694
