3 0.5600961538461539 0.7379807692307693 0.8425480769230769 0.5048076923076923
3 0.5793269230769231 0.4230769230769231 0.373798076923077 0.23557692307692302
3 0.5637019230769231 0.2439903846153846 0.2115384615384615 0.12860576923076922
3 0.5300480769230769 0.13942307692307693 0.11778846153846151 0.0877403846153846
3 0.5060096153846154 0.07211538461538461 0.09014423076923078 0.055288461538461536
3 0.5 0.040865384615384616 0.078125 0.051682692307692304
3 0.5012019230769231 0.2980769230769231 0.10576923076923078 0.038461538461538436
3 0.49278846153846156 0.26802884615384615 0.09375 0.030048076923076927
3 0.5228365384615384 0.5240384615384616 0.11778846153846151 0.05048076923076922
2 0.266826923076923 0.6201923076923077 0.24519230769230765 0.20913461538461542
2 0.46634615384615385 0.4014423076923077 0.15504807692307687 0.12139423076923078
2 0.4963942307692308 0.21754807692307693 0.07932692307692302 0.055288461538461536
2 0.4963942307692308 0.11778846153846154 0.06370192307692302 0.04567307692307693
2 0.4783653846153847 0.28966346153846156 0.05649038461538464 0.030048076923076927
