3 0.3473557692307693 0.6370192307692308 0.6658653846153846 0.18028846153846156
3 0.41346153846153844 0.5721153846153847 0.5973557692307694 0.13942307692307687
3 0.3954326923076923 0.3942307692307693 0.6466346153846154 0.12620192307692313
3 0.3689903846153846 0.24278846153846156 0.7043269230769231 0.15504807692307687
5 0.46153846153846156 0.6706730769230769 0.2391826923076923 0.11298076923076927
5 0.5096153846153846 0.594951923076923 0.22836538461538458 0.09855769230769229
5 0.5180288461538461 0.3786057692307693 0.1923076923076923 0.11057692307692313
5 0.4747596153846154 0.23076923076923067 0.2608173076923077 0.12860576923076927
5 0.38942307692307687 0.13461538461538464 0.05168269230769229 0.027644230769230727
5 0.28245192307692313 0.5420673076923077 0.05288461538461542 0.02524038461538458
6 0.6346153846153847 0.6550480769230769 0.08293269230769229 0.08774038461538458
6 0.670673076923077 0.5901442307692308 0.07331730769230771 0.08653846153846156
6 0.6802884615384616 0.3930288461538462 0.05769230769230771 0.06971153846153844
6 0.6634615384615383 0.25841346153846156 0.10576923076923073 0.09254807692307687
3 0.3677884615384616 0.13221153846153844 0.13221153846153844 0.05288461538461542
3 0.3088942307692307 0.5384615384615383 0.109375 0.043269230769230727
3 0.41947115384615385 0.16586538461538458 0.10817307692307687 0.03605769230769229
