2 0.08173076923076923 0.6911057692307692 0.07932692307692307 0.14182692307692302
2 0.33774038461538464 0.6346153846153847 0.078125 0.13942307692307687
2 0.4182692307692308 0.6153846153846153 0.0625 0.12019230769230771
2 0.5612980769230769 0.6057692307692308 0.07932692307692302 0.11538461538461542
2 0.2247596153846154 0.6009615384615384 0.06129807692307693 0.11418269230769229
2 0.8629807692307693 0.5973557692307693 0.07211538461538458 0.12019230769230771
2 0.6778846153846154 0.578125 0.08774038461538458 0.12860576923076916
3 0.09615384615384616 0.38221153846153844 0.18028846153846154 0.7487980769230769
3 0.43028846153846156 0.3533653846153846 0.13701923076923078 0.6490384615384617
3 0.30528846153846156 0.3533653846153846 0.17788461538461542 0.703125
3 0.5709134615384616 0.3401442307692307 0.1983173076923077 0.6574519230769231
3 0.8774038461538461 0.3341346153846154 0.18870192307692313 0.6634615384615383
3 0.7019230769230769 0.32932692307692313 0.15745192307692302 0.6550480769230769
