2 0.7608173076923077 0.109375 0.23798076923076916 0.11538461538461542
2 0.7331730769230769 0.35096153846153844 0.1610576923076924 0.08413461538461542
2 0.6971153846153846 0.4435096153846154 0.22836538461538458 0.125
2 0.6899038461538461 0.8040865384615384 0.23557692307692313 0.12379807692307687
2 0.6658653846153846 0.6286057692307692 0.1766826923076924 0.10336538461538458
2 0.6237980769230769 0.9471153846153846 0.171875 0.09495192307692302
3 0.5432692307692308 0.3125 0.5721153846153846 0.18389423076923084
3 0.43629807692307687 0.11057692307692307 0.8641826923076923 0.21754807692307698
3 0.42307692307692313 0.43870192307692313 0.8125 0.2908653846153846
3 0.4026442307692307 0.8137019230769231 0.7764423076923077 0.2403846153846153
3 0.39302884615384615 0.6370192307692308 0.7295673076923077 0.18028846153846156
