6 0.6814903846153847 0.8233173076923077 0.11418269230769229 0.11538461538461542
6 0.7980769230769231 0.17548076923076927 0.12379807692307698 0.1358173076923077
4 0.7307692307692308 0.9278846153846154 0.17548076923076927 0.14423076923076916
4 0.7427884615384616 0.6358173076923077 0.12379807692307687 0.12860576923076916
4 0.734375 0.37379807692307687 0.10336538461538458 0.09975961538461542
0 0.6682692307692308 0.28846153846153844 0.16346153846153844 0.17067307692307687
0 0.9350961538461539 0.042067307692307654 0.1298076923076923 0.08173076923076927
3 0.42908653846153844 0.9182692307692308 0.8137019230769231 0.1622596153846153
3 0.3846153846153846 0.8004807692307692 0.7355769230769231 0.1875
3 0.421875 0.6225961538461539 0.8004807692307692 0.27403846153846145
3 0.4026442307692307 0.38221153846153844 0.7620192307692306 0.16225961538461542
3 0.3810096153846154 0.27884615384615385 0.7451923076923077 0.23557692307692313
3 0.4495192307692307 0.15024038461538464 0.8473557692307694 0.22596153846153844
3 0.5709134615384616 0.04807692307692313 0.8581730769230769 0.09375
