3 0.11250000000000002 0.27890625 0.21953125 0.47265625
3 0.365625 0.13281250000000006 0.16953124999999997 0.26484374999999993
3 0.66875 0.21640625000000002 0.203125 0.43281250000000004
3 0.6695312499999999 0.43984375 0.15859374999999998 0.2109375
3 0.48749999999999993 0.5859375 0.07343749999999999 0.12343750000000009
3 0.66015625 0.5460937499999999 0.12578125000000007 0.12812500000000004
3 0.5874999999999999 0.62890625 0.05312499999999998 0.11171875000000009
7 0.18359375 0.46171874999999996 0.08046875 0.09375
7 0.38125 0.22265625 0.08124999999999999 0.09296875000000004
4 0.59921875 0.39296875 0.06953125000000004 0.08281249999999996
4 0.61796875 0.5140625 0.047656249999999956 0.06328124999999996
7 0.6171875 0.58359375 0.030468750000000044 0.046093750000000044
7 0.5078125 0.62421875 0.028124999999999956 0.046875
