7 0.6598557692307692 0.31971153846153844 0.05288461538461531 0.12019230769230771
7 0.5564903846153846 0.14423076923076922 0.050480769230769273 0.06971153846153845
7 0.7091346153846153 0.12139423076923075 0.06370192307692313 0.07932692307692306
6 0.34374999999999994 0.25120192307692313 0.09735576923076927 0.10336538461538464
6 0.4314903846153846 0.1502403846153846 0.04206730769230771 0.05048076923076922
0 0.8918269230769231 0.23197115384615385 0.027644230769230727 0.0456730769230769
0 0.8209134615384616 0.14423076923076922 0.02043269230769229 0.03125
0 0.8533653846153846 0.14182692307692307 0.016826923076923017 0.02163461538461539
5 0.7788461538461539 0.36658653846153844 0.17067307692307687 0.21995192307692307
5 0.7307692307692308 0.21274038461538458 0.08774038461538469 0.12019230769230768
5 0.9543269230769231 0.1959134615384615 0.07211538461538458 0.06971153846153846
5 0.8605769230769231 0.2764423076923077 0.055288461538461564 0.08173076923076925
5 0.5901442307692308 0.22596153846153844 0.078125 0.1454326923076923
5 0.22235576923076927 0.35096153846153844 0.1670673076923077 0.2391826923076923
5 0.15264423076923073 0.25240384615384615 0.078125 0.0769230769230769
5 0.4338942307692307 0.2247596153846154 0.078125 0.10576923076923078
5 0.5120192307692308 0.1935096153846154 0.038461538461538436 0.04807692307692307
3 0.7512019230769231 0.5084134615384616 0.2451923076923076 0.5144230769230769
3 0.5841346153846154 0.3016826923076923 0.10817307692307698 0.40264423076923084
3 0.5072115384615384 0.20192307692307693 0.046875 0.13942307692307696
3 0.4338942307692308 0.27524038461538464 0.10096153846153844 0.30528846153846156
3 0.2548076923076923 0.5300480769230769 0.30048076923076916 0.6802884615384617
3 0.9459134615384616 0.2536057692307692 0.08894230769230771 0.23317307692307696
3 0.8689903846153846 0.27403846153846156 0.078125 0.1454326923076923
3 0.8125 0.203125 0.05889423076923084 0.14663461538461542
3 0.859375 0.17908653846153846 0.04086538461538458 0.11057692307692307
3 0.7908653846153846 0.15985576923076922 0.027644230769230838 0.06129807692307693
