2 0.3076923076923077 0.13942307692307687 0.11298076923076922 0.07211538461538458
2 0.3389423076923077 0.6526442307692308 0.109375 0.055288461538461564
2 0.3545673076923077 0.48317307692307687 0.09375 0.05048076923076916
2 0.3629807692307692 0.34014423076923067 0.08894230769230771 0.055288461538461564
2 0.36778846153846156 0.7764423076923077 0.09735576923076922 0.05048076923076916
2 0.3689903846153846 0.9242788461538461 0.09975961538461536 0.05528846153846145
3 0.5793269230769231 0.3341346153846154 0.5348557692307692 0.15625
3 0.5817307692307693 0.7596153846153846 0.5324519230769231 0.14182692307692302
3 0.5925480769230769 0.6418269230769231 0.5973557692307692 0.16826923076923073
3 0.5949519230769231 0.4651442307692307 0.5817307692307692 0.15625
3 0.6177884615384616 0.9122596153846154 0.6045673076923077 0.16346153846153844
