5 0.8353365384615384 0.7211538461538461 0.08894230769230771 0.2295673076923077
7 0.5733173076923077 0.6875 0.0625 0.09975961538461542
5 0.07211538461538458 0.6778846153846154 0.09735576923076916 0.25
3 0.828125 0.65625 0.12860576923076916 0.5817307692307692
3 0.08894230769230771 0.6310096153846154 0.14423076923076916 0.5685096153846154
0 0.3497596153846154 0.6213942307692308 0.0625 0.10336538461538469
5 0.4651442307692308 0.5853365384615384 0.0985576923076924 0.2391826923076923
3 0.5805288461538461 0.5817307692307692 0.12379807692307687 0.329326923076923
5 0.5661057692307693 0.5528846153846154 0.07211538461538458 0.15264423076923073
3 0.4651442307692307 0.5516826923076923 0.10817307692307687 0.3533653846153846
3 0.390625 0.5504807692307693 0.05889423076923084 0.26442307692307687
5 0.3846153846153846 0.5120192307692307 0.0625 0.15745192307692313
5 0.31009615384615385 0.4435096153846154 0.08293269230769229 0.30048076923076916
3 0.3173076923076923 0.36057692307692313 0.11538461538461542 0.6466346153846154
7 0.06490384615384615 0.8545673076923077 0.07331730769230771 0.078125
