6 0.15264423076923078 0.8605769230769231 0.11057692307692307 0.10576923076923073
6 0.5564903846153846 0.7247596153846153 0.11418269230769229 0.10456730769230771
6 0.8341346153846154 0.7463942307692308 0.109375 0.10576923076923073
5 0.171875 0.5336538461538461 0.2752403846153846 0.4639423076923077
5 0.5697115384615384 0.5432692307692308 0.25 0.24639423076923073
5 0.8497596153846154 0.5120192307692308 0.25360576923076916 0.3185096153846153
3 0.17548076923076922 0.49759615384615385 0.2932692307692307 0.8365384615384615
3 0.5600961538461539 0.4158653846153846 0.29567307692307687 0.7391826923076923
3 0.8497596153846154 0.4326923076923077 0.2860576923076923 0.8185096153846154
1 0.15504807692307693 0.8052884615384615 0.0841346153846154 0.027644230769230727
