7 0.8305288461538461 0.6466346153846154 0.05528846153846145 0.04807692307692302
7 0.6286057692307692 0.626201923076923 0.055288461538461564 0.05168269230769229
7 0.8653846153846154 0.5576923076923077 0.024038461538461564 0.046875
7 0.5528846153846153 0.6802884615384615 0.05769230769230771 0.05649038461538469
7 0.43509615384615385 0.6971153846153847 0.05168269230769229 0.04807692307692313
6 0.2920673076923077 0.7391826923076923 0.05649038461538458 0.05649038461538458
5 0.8293269230769231 0.5252403846153846 0.078125 0.1466346153846153
5 0.6346153846153847 0.5060096153846153 0.07331730769230771 0.15745192307692313
5 0.5552884615384617 0.5528846153846154 0.09735576923076927 0.16826923076923073
5 0.43870192307692313 0.5685096153846154 0.09855769230769229 0.16826923076923073
5 0.2824519230769231 0.5901442307692308 0.11778846153846156 0.19350961538461542
3 0.8966346153846154 0.4471153846153846 0.09375 0.28485576923076916
3 0.8317307692307692 0.49278846153846156 0.10336538461538469 0.375
3 0.7475961538461539 0.48677884615384615 0.10096153846153855 0.3954326923076923
3 0.6322115384615385 0.45432692307692313 0.09735576923076927 0.4110576923076923
3 0.5504807692307692 0.5024038461538461 0.125 0.43870192307692313
3 0.4182692307692307 0.5036057692307692 0.16225961538461542 0.44951923076923084
3 0.2716346153846154 0.5252403846153847 0.1358173076923077 0.5048076923076923
