5 0.7115384615384616 0.3557692307692307 0.15024038461538458 0.08894230769230771
5 0.7067307692307693 0.5084134615384616 0.13461538461538458 0.09855769230769229
5 0.2620192307692308 0.2608173076923077 0.09014423076923073 0.05889423076923084
5 0.21875 0.45913461538461536 0.10336538461538458 0.055288461538461564
5 0.4098557692307693 0.7463942307692306 0.11057692307692313 0.07451923076923073
6 0.21514423076923078 0.28125 0.06610576923076927 0.05048076923076916
6 0.16346153846153844 0.4543269230769231 0.06971153846153855 0.050480769230769273
6 0.3870192307692307 0.7367788461538461 0.07692307692307687 0.06129807692307687
4 0.6045673076923077 0.3389423076923077 0.050480769230769273 0.046875
4 0.6322115384615383 0.5625 0.043269230769230727 0.04086538461538458
3 0.7247596153846154 0.35216346153846156 0.295673076923077 0.13942307692307687
3 0.7331730769230769 0.5300480769230769 0.282451923076923 0.15024038461538458
3 0.467548076923077 0.7427884615384616 0.2548076923076923 0.10817307692307687
3 0.266826923076923 0.45552884615384615 0.2548076923076923 0.11057692307692313
3 0.3137019230769231 0.26802884615384615 0.27403846153846156 0.11778846153846145
