6 0.46754807692307687 0.8245192307692308 0.05168269230769229 0.06850961538461542
7 0.7223557692307692 0.7668269230769231 0.050480769230769273 0.08173076923076927
3 0.7223557692307692 0.748798076923077 0.09014423076923073 0.1358173076923077
3 0.46153846153846156 0.7355769230769231 0.12379807692307687 0.3245192307692307
7 0.5925480769230769 0.6177884615384616 0.046875 0.05769230769230771
7 0.6814903846153846 0.5697115384615384 0.055288461538461564 0.0625
7 0.8533653846153846 0.5432692307692308 0.03725961538461542 0.0625
7 0.4158653846153846 0.53125 0.04206730769230771 0.06610576923076916
3 0.639423076923077 0.4855769230769231 0.12019230769230771 0.23317307692307698
3 0.5769230769230769 0.4831730769230768 0.11298076923076927 0.342548076923077
3 0.8521634615384616 0.4483173076923077 0.07331730769230771 0.26923076923076916
3 0.38942307692307687 0.4411057692307693 0.12860576923076916 0.2451923076923077
7 0.07572115384615385 0.31971153846153844 0.04206730769230771 0.08413461538461542
3 0.061298076923076816 0.2956730769230769 0.08173076923076927 0.266826923076923
7 0.78125 0.27283653846153844 0.05048076923076916 0.05769230769230771
3 0.7752403846153846 0.21274038461538458 0.13942307692307698 0.20913461538461542
