7 0.6466346153846154 0.22235576923076927 0.038461538461538436 0.05769230769230771
4 0.7439903846153846 0.1634615384615385 0.04567307692307687 0.058894230769230727
4 0.6634615384615384 0.6153846153846154 0.03125 0.038461538461538436
7 0.7800480769230769 0.8064903846153846 0.027644230769230727 0.03485576923076916
3 0.5901442307692307 0.18389423076923073 0.15745192307692313 0.13461538461538458
3 0.7319711538461539 0.13942307692307687 0.07932692307692313 0.09975961538461542
3 0.6478365384615384 0.578125 0.07692307692307687 0.140625
3 0.7872596153846154 0.7295673076923077 0.08173076923076927 0.19711538461538458
3 0.875 0.578125 0.05649038461538458 0.15264423076923084
6 0.8834134615384616 0.6334134615384616 0.02644230769230771 0.03245192307692313
