6 0.8052884615384616 0.6165865384615384 0.14663461538461542 0.1670673076923077
6 0.7692307692307692 0.15865384615384615 0.15264423076923073 0.22596153846153844
6 0.75 0.376201923076923 0.17788461538461542 0.19110576923076922
1 0.6658653846153846 0.38701923076923084 0.030048076923076983 0.09014423076923078
5 0.4471153846153846 0.6394230769230769 0.4783653846153846 0.342548076923077
3 0.44471153846153844 0.6658653846153846 0.8762019230769231 0.375
3 0.4326923076923077 0.12620192307692307 0.8245192307692308 0.24879807692307696
3 0.41466346153846156 0.3425480769230769 0.8197115384615385 0.25721153846153844
5 0.4098557692307693 0.3269230769230769 0.4795673076923077 0.3076923076923077
5 0.4026442307692307 0.1310096153846154 0.5324519230769231 0.234375
