3 0.2728365384615385 0.2091346153846154 0.13221153846153844 0.07451923076923078
3 0.17067307692307687 0.344951923076923 0.1358173076923077 0.08173076923076922
3 0.5576923076923077 0.1622596153846154 0.07211538461538458 0.06610576923076922
3 0.6418269230769231 0.24759615384615385 0.10096153846153844 0.03605769230769229
3 0.640625 0.28846153846153844 0.10576923076923084 0.05288461538461536
4 0.3245192307692307 0.22596153846153844 0.02043269230769229 0.024038461538461536
4 0.21875000000000006 0.34615384615384615 0.027644230769230727 0.024038461538461564
4 0.5805288461538461 0.17067307692307693 0.02043269230769229 0.015625
4 0.6742788461538461 0.24639423076923078 0.016826923076923128 0.0168269230769231
4 0.6790865384615384 0.2848557692307692 0.014423076923076872 0.015625
