2 0.7007211538461539 0.22956730769230776 0.2295673076923077 0.12139423076923073
2 0.6826923076923077 0.31850961538461536 0.16826923076923084 0.08173076923076927
2 0.6610576923076923 0.3737980769230768 0.125 0.06610576923076927
2 0.6442307692307692 0.13341346153846156 0.14182692307692302 0.07331730769230771
2 0.6322115384615384 0.41947115384615385 0.10456730769230771 0.05769230769230771
2 0.6225961538461539 0.07932692307692318 0.18870192307692313 0.11057692307692302
3 0.6129807692307692 0.49278846153846156 0.15024038461538458 0.05769230769230771
3 0.5925480769230769 0.33173076923076933 0.31971153846153844 0.10576923076923073
3 0.40745192307692313 0.22475961538461542 0.7824519230769231 0.19951923076923084
3 0.3810096153846154 0.4459134615384615 0.5769230769230769 0.08653846153846156
3 0.3653846153846154 0.07211538461538464 0.6995192307692308 0.14182692307692302
