3 0.771875 0.303125 0.16015625 0.60625
3 0.60234375 0.30078125 0.15078124999999998 0.60078125
3 0.38749999999999996 0.33046875 0.140625 0.66015625
3 0.10703125000000002 0.40546875000000004 0.21406250000000004 0.8101562499999999
5 0.77890625 0.33593749999999994 0.14765625000000004 0.27031250000000007
5 0.61015625 0.41718750000000004 0.10625000000000007 0.1695312499999999
5 0.38515625 0.38515625 0.12578124999999996 0.26953125
5 0.09687499999999999 0.46875 0.17265625000000007 0.3335937499999999
4 0.7718750000000001 0.54453125 0.08828124999999998 0.09843749999999996
4 0.61171875 0.56328125 0.051562499999999956 0.07187500000000002
4 0.4046875 0.61171875 0.08671874999999996 0.09375
4 0.14453124999999994 0.7421875 0.13437500000000002 0.1328125
