5 0.7235576923076923 0.35336538461538464 0.10336538461538458 0.17307692307692302
5 0.6237980769230769 0.4014423076923077 0.109375 0.16225961538461542
5 0.5384615384615384 0.3389423076923077 0.08774038461538458 0.16225961538461542
5 0.45192307692307687 0.4014423076923077 0.078125 0.09975961538461542
5 0.3545673076923077 0.38942307692307687 0.09975961538461542 0.13100961538461542
3 0.7259615384615384 0.27163461538461536 0.12860576923076916 0.498798076923077
3 0.6286057692307692 0.3004807692307693 0.109375 0.4735576923076923
3 0.5372596153846153 0.2704326923076923 0.09495192307692313 0.44110576923076916
3 0.4411057692307693 0.3028846153846154 0.1298076923076923 0.4314903846153846
3 0.34375 0.3052884615384615 0.13100961538461542 0.4411057692307693
6 0.7115384615384616 0.4963942307692307 0.0625 0.05769230769230771
6 0.6177884615384616 0.5240384615384617 0.05168269230769229 0.050480769230769273
6 0.532451923076923 0.46754807692307687 0.05769230769230771 0.05288461538461542
6 0.453125 0.5 0.046875 0.04086538461538458
4 0.35216346153846156 0.49759615384615385 0.04567307692307687 0.03846153846153855
