3 0.7109375 0.35703125 0.271875 0.12578125
3 0.7390625 0.53515625 0.2734375 0.13359375000000007
3 0.4742187500000001 0.74296875 0.24843749999999998 0.10234374999999996
3 0.25546875 0.453125 0.26718750000000013 0.09140624999999997
3 0.3078125 0.275 0.27578125 0.13203125000000002
5 0.715625 0.3578125 0.16484375000000007 0.08124999999999999
5 0.71953125 0.52265625 0.13437500000000002 0.09609375000000003
5 0.23046875 0.45624999999999993 0.09921874999999991 0.08124999999999999
5 0.28046875000000004 0.26640625 0.08203125 0.06953125000000002
5 0.44453125 0.7445312499999999 0.05312499999999998 0.07265624999999998
4 0.61328125 0.34375 0.051562499999999956 0.04765625000000001
4 0.64140625 0.56484375 0.057812500000000044 0.0390625
6 0.38828125 0.7445312499999999 0.07109374999999996 0.04531249999999998
6 0.16484375 0.459375 0.06874999999999998 0.04375000000000001
6 0.21562499999999996 0.28359375 0.0703125 0.05156250000000001
