2 0.27644230769230776 0.24278846153846154 0.12139423076923073 0.20793269230769235
2 0.7379807692307692 0.295673076923077 0.1298076923076924 0.22836538461538464
2 0.5853365384615384 0.31009615384615385 0.05769230769230771 0.1490384615384615
2 0.43750000000000006 0.3233173076923077 0.07451923076923073 0.15625
2 0.10576923076923073 0.33653846153846156 0.05769230769230771 0.09735576923076922
2 0.38581730769230765 0.35216346153846156 0.034855769230769273 0.08894230769230771
2 0.6298076923076923 0.3581730769230769 0.09735576923076916 0.21153846153846156
2 0.8401442307692308 0.3653846153846154 0.07932692307692302 0.12980769230769235
3 0.09735576923076927 0.4927884615384615 0.11418269230769229 0.4278846153846153
3 0.25120192307692313 0.5588942307692307 0.2908653846153846 0.8365384615384615
3 0.7439903846153846 0.59375 0.24399038461538458 0.7932692307692308
3 0.4362980769230768 0.6081730769230769 0.17067307692307698 0.7295673076923077
3 0.5877403846153847 0.6177884615384616 0.2139423076923077 0.7175480769230769
