3 0.8293269230769231 0.5348557692307693 0.18870192307692302 0.7223557692307694
3 0.6995192307692308 0.5144230769230769 0.14423076923076927 0.8076923076923077
3 0.6009615384615384 0.483173076923077 0.13221153846153855 0.8737980769230769
3 0.3485576923076923 0.5444711538461539 0.13461538461538458 0.5552884615384615
3 0.21995192307692307 0.5625 0.12379807692307698 0.625
3 0.10096153846153844 0.5925480769230769 0.07692307692307687 0.3197115384615384
3 0.034855769230769273 0.5697115384615384 0.06730769230769229 0.2884615384615385
3 0.29567307692307687 0.5841346153846154 0.046875 0.34375
5 0.7908653846153846 0.44471153846153844 0.08774038461538458 0.24038461538461542
5 0.6947115384615384 0.4098557692307692 0.13942307692307687 0.2620192307692307
5 0.5925480769230769 0.3786057692307692 0.109375 0.360576923076923
5 0.4963942307692307 0.34134615384615385 0.140625 0.36057692307692313
5 0.3581730769230769 0.4747596153846154 0.09014423076923073 0.18750000000000006
5 0.29567307692307687 0.5276442307692308 0.05168269230769229 0.12860576923076927
5 0.21995192307692313 0.45192307692307687 0.10336538461538458 0.20913461538461536
5 0.10096153846153838 0.5336538461538461 0.050480769230769273 0.09495192307692313
5 0.033653846153846145 0.5288461538461539 0.04567307692307687 0.09254807692307687
7 0.7944711538461539 0.23677884615384615 0.06971153846153855 0.0793269230769231
7 0.7127403846153846 0.16346153846153846 0.08173076923076927 0.08413461538461538
7 0.5769230769230769 0.08413461538461539 0.08653846153846156 0.11538461538461538
7 0.3533653846153846 0.32932692307692313 0.05288461538461542 0.05889423076923078
7 0.22596153846153844 0.30408653846153844 0.05288461538461542 0.07331730769230771
7 0.10697115384615385 0.4675480769230769 0.030048076923076872 0.038461538461538436
