4 0.9699519230769231 0.6514423076923077 0.060096153846153855 0.07211538461538458
4 0.9495192307692308 0.7019230769230769 0.050480769230769273 0.03725961538461531
4 0.5901442307692307 0.7103365384615384 0.03605769230769229 0.02644230769230771
4 0.4591346153846154 0.6802884615384615 0.05168269230769229 0.058894230769230727
4 0.3617788461538461 0.703125 0.055288461538461564 0.05889423076923084
4 0.14783653846153844 0.6778846153846154 0.06730769230769229 0.08413461538461542
3 0.9423076923076923 0.3954326923076923 0.11538461538461542 0.6370192307692308
3 0.7668269230769231 0.4591346153846154 0.17548076923076927 0.5420673076923077
3 0.6502403846153846 0.5072115384615385 0.109375 0.4026442307692307
3 0.6911057692307693 0.5504807692307692 0.07692307692307687 0.376201923076923
3 0.5673076923076923 0.5504807692307692 0.109375 0.3653846153846154
3 0.45432692307692313 0.4951923076923077 0.125 0.45673076923076916
3 0.37259615384615385 0.5432692307692307 0.09254807692307687 0.3858173076923077
3 0.2908653846153845 0.37379807692307687 0.20192307692307698 0.6766826923076923
3 0.15264423076923078 0.4098557692307693 0.16346153846153844 0.6670673076923077
