3 0.7234375 0.8109374999999999 0.5531250000000001 0.30625
3 0.45859375 0.6953125 0.6359375 0.23359374999999993
3 0.5859375 0.5046875 0.7867187499999999 0.16328124999999993
3 0.49375 0.3171875 0.83671875 0.19453124999999996
3 0.578125 0.125 0.7789062499999999 0.23046875
5 0.540625 0.12890625 0.33125000000000004 0.23593750000000002
5 0.44765625 0.30390625 0.2874999999999999 0.17421874999999998
5 0.5625 0.51875 0.421875 0.14374999999999993
5 0.53359375 0.6898437499999999 0.40937500000000004 0.19374999999999998
5 0.83984375 0.8390625 0.31953124999999993 0.24296875000000007
4 0.2890625 0.16328125 0.19218749999999998 0.14140625
7 0.18359375 0.2765625 0.17421874999999998 0.13750000000000004
7 0.271875 0.478125 0.12890625 0.10468750000000004
4 0.23125 0.7289062500000001 0.15312500000000004 0.11875000000000002
4 0.540625 0.76171875 0.19765625000000003 0.16953125000000002
