3 0.2079326923076923 0.3954326923076923 0.296875 0.7872596153846154
3 0.4411057692307693 0.4098557692307693 0.2704326923076923 0.8161057692307694
3 0.8028846153846154 0.48317307692307687 0.38701923076923084 0.9627403846153846
7 0.2235576923076923 0.6838942307692308 0.12139423076923084 0.19951923076923073
4 0.4254807692307692 0.7139423076923077 0.15264423076923073 0.18389423076923084
6 0.7944711538461539 0.8197115384615384 0.21754807692307687 0.22836538461538458
5 0.19711538461538464 0.3185096153846154 0.25721153846153844 0.46514423076923084
5 0.4627403846153846 0.3737980769230769 0.22475961538461542 0.438701923076923
5 0.8149038461538463 0.28245192307692313 0.36778846153846156 0.5528846153846154
1 0.41346153846153844 0.6262019230769231 0.08774038461538458 0.038461538461538436
