4 0.8737980769230769 0.33413461538461536 0.055288461538461564 0.055288461538461564
4 0.8185096153846154 0.358173076923077 0.038461538461538436 0.04567307692307693
7 0.6310096153846154 0.3425480769230769 0.03485576923076916 0.03125
7 0.5420673076923077 0.3545673076923077 0.04326923076923084 0.03725961538461536
5 0.8822115384615384 0.436298076923077 0.07331730769230771 0.12620192307692307
3 0.8774038461538461 0.4987980769230769 0.08894230769230771 0.3966346153846153
3 0.8064903846153846 0.5048076923076923 0.09375 0.33173076923076916
3 0.6213942307692307 0.5084134615384616 0.07331730769230771 0.3701923076923077
3 0.5336538461538461 0.5276442307692308 0.08293269230769229 0.3846153846153847
3 0.3425480769230769 0.35697115384615385 0.10576923076923073 0.43629807692307687
