3 0.17307692307692307 0.48557692307692313 0.24639423076923075 0.9134615384615383
3 0.5432692307692307 0.41466346153846156 0.21754807692307687 0.7644230769230769
3 0.8377403846153846 0.49879807692307687 0.28846153846153844 0.9182692307692308
5 0.15985576923076922 0.3497596153846154 0.21514423076923075 0.6346153846153846
5 0.5252403846153846 0.36177884615384615 0.18149038461538458 0.4423076923076923
5 0.8173076923076923 0.4651442307692307 0.24038461538461542 0.5168269230769231
7 0.16706730769230768 0.8641826923076923 0.15024038461538464 0.15985576923076916
6 0.5192307692307693 0.7283653846153846 0.09014423076923078 0.13701923076923073
6 0.8028846153846154 0.8834134615384616 0.12860576923076916 0.17067307692307687
1 0.21274038461538458 0.7776442307692308 0.05649038461538461 0.043269230769230727
1 0.515625 0.6622596153846154 0.06850961538461542 0.043269230769230727
1 0.7824519230769231 0.8016826923076923 0.06730769230769229 0.046875
