7 0.5060096153846154 0.09254807692307693 0.07692307692307698 0.06610576923076922
7 0.45793269230769224 0.18629807692307693 0.050480769230769273 0.04206730769230771
7 0.5 0.22716346153846156 0.06850961538461542 0.06730769230769232
7 0.47115384615384615 0.298076923076923 0.06129807692307687 0.05048076923076922
7 0.5132211538461539 0.36298076923076916 0.06730769230769229 0.05288461538461536
7 0.47355769230769235 0.436298076923077 0.043269230769230727 0.04567307692307693
7 0.5048076923076923 0.5024038461538461 0.05649038461538458 0.05769230769230771
7 0.47355769230769224 0.5745192307692307 0.050480769230769273 0.04206730769230771
7 0.501201923076923 0.6478365384615384 0.06129807692307687 0.06129807692307687
7 0.4747596153846154 0.7079326923076923 0.05048076923076916 0.046875
7 0.4483173076923077 0.7776442307692307 0.046875 0.04567307692307687
7 0.5204326923076923 0.8413461538461539 0.05649038461538458 0.05769230769230771
7 0.5120192307692308 0.9302884615384616 0.04807692307692302 0.05288461538461542
3 0.2776442307692307 0.08173076923076922 0.5360576923076923 0.140625
3 0.27403846153846156 0.2283653846153846 0.5060096153846154 0.13701923076923078
3 0.28846153846153844 0.3004807692307692 0.42307692307692313 0.0625
3 0.28365384615384615 0.3653846153846153 0.5420673076923077 0.12860576923076922
3 0.2560096153846154 0.43028846153846156 0.4783653846153846 0.07451923076923078
3 0.28004807692307687 0.5072115384615384 0.5036057692307692 0.12379807692307687
3 0.2536057692307693 0.5733173076923077 0.5048076923076923 0.08774038461538458
3 0.2716346153846154 0.65625 0.5384615384615383 0.11899038461538458
3 0.25721153846153844 0.7211538461538461 0.5120192307692306 0.09254807692307687
3 0.25120192307692313 0.7884615384615384 0.4483173076923077 0.08293269230769229
3 0.2860576923076923 0.8485576923076923 0.5685096153846154 0.14423076923076916
3 0.28245192307692313 0.9423076923076923 0.5252403846153846 0.11298076923076927
