5 0.6033653846153846 0.2872596153846154 0.12139423076923073 0.06370192307692307
5 0.6189903846153846 0.5949519230769231 0.13701923076923084 0.07932692307692302
5 0.6009615384615384 0.6346153846153846 0.08413461538461542 0.027644230769230727
5 0.4074519230769231 0.46634615384615385 0.06730769230769229 0.03846153846153849
5 0.5961538461538461 0.7512019230769231 0.10817307692307687 0.055288461538461564
5 0.6105769230769231 0.8786057692307693 0.09495192307692302 0.05288461538461542
5 0.5985576923076923 0.9290865384615384 0.15625 0.07331730769230771
3 0.6742788461538461 0.2932692307692308 0.32932692307692313 0.09375
3 0.39903846153846156 0.4567307692307692 0.09495192307692307 0.06730769230769229
3 0.6826923076923077 0.5949519230769231 0.3221153846153846 0.078125
3 0.6658653846153846 0.625 0.2560096153846154 0.046875
3 0.6478365384615384 0.7487980769230769 0.2920673076923077 0.08774038461538458
3 0.6490384615384615 0.8786057692307692 0.2560096153846153 0.07451923076923073
3 0.6658653846153846 0.9254807692307693 0.40985576923076916 0.09975961538461542
6 0.48557692307692313 0.9134615384615385 0.04567307692307693 0.050480769230769273
6 0.5396634615384616 0.8701923076923077 0.03605769230769229 0.03125
6 0.53125 0.7283653846153846 0.046875 0.03725961538461542
