3 0.5276442307692308 0.5685096153846154 0.2908653846153847 0.5
3 0.8088942307692307 0.6634615384615384 0.3329326923076923 0.5528846153846154
3 0.12860576923076922 0.4651442307692307 0.19110576923076922 0.59375
3 0.4254807692307693 0.6959134615384616 0.12620192307692307 0.23557692307692313
3 0.2776442307692308 0.6850961538461539 0.10456730769230771 0.16346153846153855
2 0.5745192307692307 0.6971153846153846 0.17307692307692313 0.25
2 0.7475961538461539 0.8353365384615385 0.1766826923076923 0.21153846153846156
2 0.1346153846153846 0.6911057692307692 0.11778846153846152 0.14182692307692302
2 0.27524038461538464 0.7211538461538461 0.05168269230769229 0.07692307692307687
2 0.44350961538461536 0.7487980769230769 0.078125 0.10336538461538458
