3 0.10859375 0.634375 0.2171875 0.73046875
3 0.27578125 0.659375 0.12812500000000002 0.65546875
3 0.34609375 0.62109375 0.18515624999999997 0.74921875
3 0.49609375 0.6125 0.28750000000000003 0.77421875
3 0.8859375 0.575 0.2281249999999999 0.8492187499999999
3 0.7171875 0.57578125 0.203125 0.8484375
5 0.91484375 0.69453125 0.17031249999999998 0.6109374999999999
5 0.71875 0.57734375 0.20390625000000007 0.43281249999999993
4 0.14375 0.34140625 0.14218750000000002 0.140625
7 0.29296875 0.39453125 0.08124999999999999 0.09140624999999997
7 0.38749999999999996 0.334375 0.10859374999999999 0.13437499999999997
4 0.18203125000000003 0.47421875 0.06796875 0.07187499999999997
4 0.5171875 0.3171875 0.13984375000000004 0.171875
7 0.66640625 0.24453125 0.13593750000000004 0.15859375000000003
7 0.8796875 0.2453125 0.22734375000000007 0.18593749999999998
