3 0.834375 0.65859375 0.12578124999999996 0.5882812499999999
3 0.7203124999999999 0.66328125 0.10781249999999998 0.5757812499999999
3 0.6109375 0.671875 0.11250000000000004 0.5453125000000001
3 0.6515625 0.47343749999999996 0.08437499999999998 0.22656249999999994
3 0.50625 0.66796875 0.12421875000000004 0.5726562500000001
3 0.53984375 0.4203125 0.08359374999999991 0.18593750000000003
3 0.39296875 0.67109375 0.12968749999999996 0.63984375
3 0.17421874999999998 0.68828125 0.14140624999999996 0.6226562499999999
3 0.2921875 0.6828125 0.11640624999999993 0.61640625
3 0.2515625 0.40390625 0.07109374999999996 0.16640625000000003
4 0.8 0.41015625 0.05703124999999998 0.0703125
4 0.7140625 0.4078125 0.05859375 0.07890625000000001
4 0.64765625 0.39453125 0.05234375000000002 0.06015625000000002
4 0.596875 0.4296875 0.051562499999999956 0.0703125
4 0.52890625 0.359375 0.0625 0.078125
4 0.49921875000000004 0.41640625 0.05859375 0.06093749999999998
4 0.39921875 0.38593749999999993 0.06015625000000002 0.06953124999999999
4 0.36171875 0.33984375 0.055468749999999956 0.06484375000000003
4 0.29062499999999997 0.41171875 0.06406250000000002 0.06796874999999997
4 0.25546875 0.34921875 0.05625000000000013 0.0703125
4 0.18984375000000003 0.41875 0.06796875000000002 0.07421875
