2 0.2872596153846154 0.125 0.11899038461538464 0.078125
2 0.34375 0.8052884615384617 0.08413461538461542 0.050480769230769273
2 0.3473557692307692 0.6201923076923077 0.08653846153846156 0.05649038461538458
2 0.3557692307692307 0.6610576923076923 0.07692307692307693 0.03725961538461542
2 0.3581730769230769 0.32211538461538464 0.08293269230769229 0.055288461538461564
2 0.359375 0.7295673076923077 0.09735576923076922 0.058894230769230727
2 0.3629807692307692 0.4122596153846154 0.07331730769230771 0.04326923076923078
2 0.36778846153846156 0.5144230769230769 0.09014423076923078 0.05889423076923078
2 0.3713942307692307 0.03125 0.08173076923076922 0.05048076923076923
2 0.37379807692307687 0.18389423076923078 0.09254807692307693 0.07211538461538461
3 0.5048076923076923 0.40504807692307687 0.34735576923076916 0.09254807692307693
3 0.5192307692307692 0.8233173076923077 0.4651442307692307 0.125
3 0.5528846153846154 0.3269230769230769 0.4639423076923077 0.140625
3 0.5637019230769231 0.6286057692307693 0.515625 0.14663461538461542
3 0.5709134615384616 0.20072115384615385 0.49879807692307687 0.1237980769230769
3 0.5829326923076923 0.7391826923076923 0.5528846153846154 0.14423076923076916
3 0.5925480769230769 0.5084134615384616 0.5408653846153846 0.1514423076923077
3 0.5949519230769231 0.1346153846153846 0.7427884615384617 0.17067307692307693
