3 0.58203125 0.9265625 0.83515625 0.14609375000000002
3 0.62734375 0.80078125 0.7445312499999999 0.1546875000000001
3 0.5921875 0.62265625 0.8148437499999999 0.2109375
3 0.60546875 0.37734375 0.7890625 0.14531249999999996
3 0.62578125 0.27187500000000003 0.7484375000000001 0.22499999999999998
3 0.5671875 0.1414062499999999 0.8656250000000001 0.20468750000000002
3 0.5 0.0390625 1.0 0.078125
4 0.2625 0.925 0.18203124999999998 0.15000000000000002
6 0.32500000000000007 0.828125 0.11796874999999996 0.10546875
4 0.25859375 0.6328125 0.14531250000000007 0.11796875000000007
4 0.2703125 0.36953125 0.12656250000000002 0.09062499999999996
0 0.34062499999999996 0.28359375 0.18359375 0.13984375000000004
6 0.20703125 0.17187500000000006 0.16093749999999996 0.13984374999999993
0 0.07265624999999998 0.04453125000000002 0.13984375000000004 0.08906250000000004
