6 0.8377403846153846 0.21514423076923078 0.078125 0.07692307692307696
6 0.6983173076923077 0.6334134615384616 0.07211538461538458 0.09855769230769229
6 0.4603365384615385 0.17427884615384615 0.06971153846153844 0.09855769230769229
6 0.3088942307692308 0.39903846153846156 0.07451923076923073 0.07692307692307693
5 0.6911057692307692 0.7295673076923077 0.12139423076923073 0.109375
5 0.8461538461538461 0.30288461538461536 0.08894230769230771 0.11418269230769229
5 0.19951923076923073 0.4314903846153846 0.13100961538461542 0.16706730769230765
3 0.6778846153846153 0.7355769230769231 0.1766826923076923 0.32451923076923084
3 0.8305288461538461 0.3449519230769231 0.13221153846153855 0.3533653846153847
3 0.4278846153846155 0.25841346153846156 0.14903846153846156 0.31971153846153844
3 0.24759615384615385 0.49759615384615385 0.2235576923076923 0.3389423076923077
