6 0.28846153846153844 0.29326923076923084 0.14423076923076916 0.171875
7 0.32572115384615385 0.841346153846154 0.2139423076923077 0.21153846153846156
1 0.3473557692307693 0.47716346153846156 0.07932692307692313 0.14182692307692313
1 0.3846153846153847 0.2800480769230769 0.06730769230769229 0.11899038461538469
1 0.46634615384615385 0.8209134615384616 0.08653846153846145 0.1514423076923077
3 0.5576923076923077 0.5372596153846154 0.875 0.3185096153846154
3 0.5865384615384616 0.24278846153846156 0.7740384615384615 0.3329326923076923
3 0.6081730769230769 0.8173076923076923 0.7776442307692308 0.35576923076923084
5 0.7283653846153846 0.5456730769230769 0.5348557692307692 0.2908653846153846
5 0.7668269230769231 0.2644230769230769 0.4627403846153846 0.2848557692307693
5 0.8040865384615384 0.8064903846153846 0.3641826923076923 0.3810096153846154
6 0.21514423076923078 0.4903846153846154 0.1610576923076924 0.18389423076923084
