6 0.8810096153846154 0.17427884615384615 0.19471153846153844 0.21153846153846156
6 0.1298076923076923 0.25841346153846156 0.22475961538461542 0.2199519230769231
1 0.84375 0.2668269230769231 0.078125 0.05168269230769229
6 0.3942307692307692 0.29447115384615385 0.06610576923076927 0.08894230769230771
6 0.7091346153846154 0.30408653846153844 0.09375 0.08894230769230771
6 0.2896634615384615 0.3161057692307693 0.08653846153846156 0.10576923076923078
6 0.5276442307692308 0.32572115384615385 0.06850961538461542 0.11057692307692307
1 0.7067307692307693 0.3425480769230769 0.05168269230769229 0.02644230769230771
6 0.2055288461538461 0.42788461538461536 0.055288461538461564 0.09855769230769229
3 0.1983173076923077 0.4591346153846154 0.07211538461538458 0.18750000000000006
3 0.7091346153846154 0.5048076923076923 0.1514423076923076 0.5036057692307692
6 0.8112980769230769 0.5144230769230769 0.07932692307692302 0.125
3 0.8677884615384615 0.5300480769230769 0.22596153846153844 0.9170673076923077
5 0.5444711538461539 0.5432692307692307 0.13942307692307687 0.29567307692307687
5 0.29567307692307687 0.5540865384615384 0.1454326923076923 0.29807692307692313
3 0.29927884615384615 0.5564903846153846 0.1610576923076923 0.578125
3 0.1586538461538461 0.5709134615384616 0.30528846153846156 0.8509615384615385
5 0.7067307692307692 0.5721153846153846 0.140625 0.342548076923077
3 0.8173076923076923 0.5805288461538461 0.09014423076923084 0.28004807692307687
3 0.4014423076923077 0.6165865384615384 0.125 0.7608173076923077
3 0.5360576923076923 0.6394230769230769 0.15264423076923084 0.7139423076923077
5 0.8786057692307692 0.6947115384615384 0.21153846153846156 0.5625
5 0.14182692307692307 0.7319711538461539 0.280048076923077 0.46995192307692313
