6 0.19951923076923078 0.7055288461538461 0.21153846153846156 0.15504807692307687
6 0.21274038461538458 0.03485576923076922 0.15985576923076916 0.06610576923076927
1 0.22596153846153844 0.36057692307692313 0.07692307692307687 0.11899038461538458
6 0.24038461538461542 0.07812499999999994 0.18149038461538458 0.09735576923076927
1 0.2776442307692308 0.6971153846153846 0.05288461538461531 0.10336538461538458
6 0.28125 0.5192307692307692 0.234375 0.15264423076923084
1 0.3197115384615384 0.08533653846153844 0.06610576923076927 0.07932692307692313
1 0.39903846153846156 0.5300480769230769 0.04807692307692313 0.10096153846153844
3 0.5060096153846154 0.328125 0.984375 0.2752403846153846
5 0.5372596153846154 0.8629807692307692 0.6237980769230769 0.2620192307692307
3 0.5372596153846154 0.7115384615384616 0.9098557692307692 0.14182692307692313
3 0.5637019230769231 0.06129807692307687 0.8713942307692308 0.12019230769230771
3 0.5637019230769231 0.15264423076923073 0.8689903846153846 0.21875
3 0.5793269230769231 0.5396634615384616 0.8293269230769231 0.22596153846153855
5 0.6598557692307693 0.3341346153846154 0.6778846153846154 0.2548076923076923
5 0.6826923076923077 0.16466346153846156 0.625 0.10456730769230771
5 0.7115384615384616 0.5528846153846154 0.5733173076923077 0.24278846153846156
5 0.7259615384615384 0.06610576923076927 0.5456730769230769 0.1298076923076923
5 0.8028846153846154 0.6971153846153847 0.3028846153846154 0.10456730769230771
6 0.8401442307692307 0.8653846153846154 0.265625 0.1514423076923077
6 0.11538461538461542 0.36778846153846156 0.19110576923076916 0.1670673076923077
2 0.1358173076923077 0.8377403846153846 0.25 0.12139423076923084
