4 0.8798076923076923 0.12499999999999999 0.11538461538461542 0.10576923076923075
4 0.6262019230769231 0.23798076923076922 0.10817307692307698 0.07932692307692304
4 0.9387019230769231 0.3581730769230769 0.12019230769230771 0.09375
4 0.38221153846153844 0.7367788461538461 0.08413461538461542 0.06730769230769229
4 0.4002403846153847 0.8028846153846154 0.07211538461538464 0.055288461538461564
4 0.627403846153846 0.6526442307692307 0.10096153846153844 0.06850961538461542
7 0.5516826923076923 0.41826923076923084 0.09014423076923073 0.07932692307692307
4 0.6310096153846154 0.4951923076923077 0.09495192307692302 0.08173076923076922
4 0.7608173076923077 0.8161057692307693 0.12139423076923073 0.08413461538461542
4 0.6550480769230769 0.8377403846153846 0.09495192307692302 0.07932692307692302
4 0.2247596153846154 0.5925480769230769 0.06610576923076922 0.04807692307692313
3 0.9050480769230769 0.12019230769230771 0.1826923076923077 0.140625
3 0.7824519230769231 0.22596153846153846 0.4314903846153846 0.15264423076923078
3 0.7415865384615384 0.40985576923076916 0.49879807692307687 0.09735576923076922
3 0.7824519230769231 0.485576923076923 0.43028846153846156 0.15504807692307687
3 0.7572115384615383 0.6370192307692307 0.44471153846153844 0.14182692307692313
3 0.5745192307692308 0.7163461538461539 0.4939903846153847 0.09495192307692313
3 0.5504807692307694 0.8004807692307693 0.3786057692307693 0.08293269230769229
3 0.8413461538461539 0.8052884615384616 0.28004807692307687 0.171875
3 0.7163461538461539 0.8497596153846154 0.2235576923076923 0.11057692307692302
3 0.3918269230769231 0.5925480769230769 0.420673076923077 0.10096153846153844
