3 0.8015625 0.3890625 0.11562499999999998 0.23906249999999996
3 0.92734375 0.415625 0.10078125000000004 0.2671875000000001
3 0.903125 0.58046875 0.13984374999999993 0.4281249999999999
3 0.51875 0.63203125 0.0859375 0.5648437500000001
3 0.45546875 0.58359375 0.10624999999999996 0.5171875000000001
5 0.46406250000000004 0.5109375 0.09453125000000001 0.21015624999999993
5 0.525 0.55234375 0.08125000000000004 0.22968750000000004
5 0.8046875 0.42265625 0.09999999999999998 0.16249999999999998
5 0.93515625 0.44921875 0.078125 0.16171874999999997
5 0.92265625 0.54375 0.10781249999999998 0.21328125000000003
0 0.79609375 0.31328125000000007 0.050000000000000044 0.08281250000000001
6 0.45859375 0.3734375 0.05078125 0.08437500000000003
6 0.51171875 0.396875 0.057812500000000044 0.08984375
6 0.90078125 0.32734375 0.057812500000000044 0.078125
6 0.87109375 0.39921874999999996 0.04531249999999998 0.08124999999999999
