3 0.38125 0.6125 0.19999999999999996 0.7749999999999999
3 0.55078125 0.60859375 0.22343750000000007 0.7828124999999999
3 0.7710937499999999 0.625 0.21250000000000002 0.74921875
5 0.765625 0.59375 0.1859375000000001 0.37031249999999993
5 0.54296875 0.62578125 0.19140625 0.39609374999999997
5 0.3742187500000001 0.6328125 0.16640624999999998 0.44453124999999993
6 0.7406249999999999 0.315625 0.12734374999999998 0.13437500000000002
7 0.55625 0.3078125 0.09843749999999996 0.15000000000000002
4 0.42187500000000006 0.29609375 0.12812499999999993 0.13046875000000002
1 0.73203125 0.3703125 0.08203125 0.04453125000000002
1 0.4289062500000001 0.36015625000000007 0.06874999999999998 0.06718750000000001
1 0.553125 0.36640624999999993 0.07499999999999996 0.03828124999999999
