4 0.7247596153846154 0.22355769230769232 0.078125 0.12139423076923078
4 0.5540865384615384 0.22115384615384615 0.07331730769230771 0.0925480769230769
4 0.657451923076923 0.22836538461538458 0.04206730769230771 0.08774038461538458
4 0.4795673076923077 0.17307692307692307 0.0625 0.07692307692307693
4 0.4122596153846154 0.21995192307692304 0.05168269230769229 0.08413461538461536
4 0.7740384615384616 0.24158653846153844 0.024038461538461453 0.04206730769230768
4 0.8533653846153846 0.2235576923076923 0.016826923076923017 0.02524038461538461
4 0.8810096153846154 0.23317307692307693 0.024038461538461564 0.03125
4 0.9855769230769231 0.24759615384615385 0.0204326923076924 0.02644230769230771
6 0.9230769230769231 0.24278846153846154 0.025240384615384692 0.03485576923076922
6 0.8161057692307693 0.2283653846153846 0.06730769230769229 0.07692307692307693
6 0.35817307692307687 0.19110576923076922 0.06850961538461542 0.10336538461538461
6 0.2800480769230768 0.23197115384615385 0.09254807692307698 0.11418269230769229
3 0.7355769230769231 0.5600961538461539 0.13100961538461542 0.8016826923076923
3 0.5480769230769231 0.5564903846153846 0.1502403846153847 0.7692307692307692
3 0.46033653846153844 0.5060096153846154 0.13221153846153855 0.7427884615384617
3 0.3605769230769232 0.5300480769230769 0.10576923076923073 0.7716346153846154
3 0.2560096153846154 0.5817307692307693 0.1875 0.8052884615384615
3 0.8269230769230769 0.5180288461538461 0.09375 0.6574519230769231
3 0.9158653846153846 0.32692307692307687 0.050480769230769273 0.22956730769230765
3 0.6622596153846154 0.265625 0.05048076923076916 0.140625
3 0.9759615384615384 0.33533653846153844 0.04086538461538458 0.2235576923076923
3 0.9447115384615385 0.3269230769230769 0.03725961538461531 0.20673076923076925
