7 0.5012019230769231 0.24879807692307693 0.0420673076923076 0.043269230769230754
3 0.41466346153846156 0.25 0.2451923076923077 0.09014423076923075
3 0.24278846153846156 0.9314903846153846 0.25 0.13100961538461542
3 0.2139423076923077 0.359375 0.21274038461538458 0.09375
7 0.21274038461538453 0.11057692307692306 0.050480769230769273 0.058894230769230754
7 0.16586538461538458 0.8557692307692308 0.05649038461538458 0.050480769230769273
3 0.14182692307692318 0.125 0.23557692307692302 0.15985576923076922
3 0.10456730769230771 0.8269230769230769 0.1875 0.15264423076923084
3 0.8497596153846154 0.32211538461538464 0.17548076923076916 0.06730769230769229
3 0.8413461538461539 0.5721153846153846 0.15745192307692313 0.05288461538461542
