3 0.33828125 0.37890625 0.09843749999999996 0.40625
3 0.47500000000000003 0.41640625 0.09999999999999998 0.37968749999999996
3 0.56875 0.3828125 0.09296875000000004 0.4312499999999999
3 0.71796875 0.32734375000000004 0.09765625 0.5757812499999999
3 0.65546875 0.3703125000000001 0.0859375 0.46796874999999993
4 0.3359375 0.5515625000000001 0.046875 0.061718750000000044
4 0.45078125 0.5796875 0.03671875000000013 0.04843750000000013
4 0.5523437499999999 0.5671875 0.04140624999999998 0.06015625000000002
4 0.6359375 0.56953125 0.04140624999999998 0.0625
4 0.6976562499999999 0.5671875 0.05703124999999998 0.08984375
