5 0.5168269230769231 0.15144230769230768 0.23798076923076916 0.140625
5 0.21754807692307693 0.15985576923076922 0.09855769230769229 0.05649038461538461
5 0.22235576923076922 0.4278846153846154 0.08173076923076925 0.04567307692307693
5 0.1490384615384615 0.40625 0.10456730769230768 0.05288461538461536
5 0.24639423076923078 0.6574519230769231 0.10456730769230771 0.058894230769230727
5 0.27163461538461536 0.8653846153846154 0.12620192307692304 0.05649038461538458
5 0.1983173076923077 0.8088942307692306 0.08413461538461539 0.043269230769230727
7 0.33173076923076916 0.1658653846153846 0.06610576923076922 0.07692307692307693
7 0.1502403846153846 0.15985576923076922 0.027644230769230782 0.027644230769230754
7 0.16826923076923078 0.6502403846153846 0.034855769230769246 0.03605769230769229
7 0.18389423076923078 0.8822115384615383 0.03725961538461539 0.043269230769230727
4 0.13822115384615385 0.8064903846153846 0.03245192307692307 0.03125
3 0.5949519230769231 0.171875 0.609375 0.19711538461538458
3 0.2115384615384615 0.1622596153846154 0.16346153846153844 0.07692307692307693
3 0.20432692307692307 0.24519230769230768 0.06370192307692307 0.03485576923076922
3 0.2283653846153846 0.6598557692307693 0.18629807692307693 0.09855769230769229
3 0.12860576923076922 0.423076923076923 0.15504807692307693 0.05288461538461536
3 0.27764423076923084 0.4254807692307692 0.22836538461538464 0.06730769230769229
3 0.22235576923076922 0.8064903846153846 0.21995192307692304 0.05649038461538458
3 0.32211538461538464 0.8725961538461539 0.3317307692307693 0.09254807692307687
5 0.21153846153846156 0.24519230769230768 0.02043269230769232 0.021634615384615363
5 0.2512019230769231 0.5168269230769231 0.06730769230769229 0.03125
3 0.27524038461538464 0.5060096153846154 0.21754807692307696 0.09855769230769229
