3 0.8421875000000001 0.584375 0.2515625 0.38828125000000013
3 0.6375 0.44140625000000006 0.16718749999999993 0.33671875000000007
3 0.4625000000000001 0.36484374999999997 0.11484375000000002 0.22031250000000002
3 0.29921875000000003 0.23046875 0.17812499999999998 0.46015625000000004
3 0.3390625 0.5921875 0.16562500000000002 0.28671875000000013
3 0.46093750000000006 0.72578125 0.19062499999999993 0.5484374999999999
0 0.8 0.4609375 0.11875000000000002 0.1382812499999999
0 0.61015625 0.3382812499999999 0.08203125 0.13046875000000002
0 0.47421875 0.31015625 0.06953125000000004 0.09375
0 0.27734375 0.06484374999999998 0.1015625 0.12968749999999996
0 0.32421875 0.51171875 0.09453124999999996 0.12343750000000009
0 0.4898437500000001 0.5101562500000001 0.09531250000000002 0.12343749999999998
