3 0.615625 0.69453125 0.48203125000000013 0.125
3 0.6078125 0.0625 0.49687499999999996 0.125
3 0.5875 0.19375000000000003 0.4765625 0.09140625
3 0.596875 0.5875 0.44843749999999993 0.06953125000000004
3 0.6546875 0.5375 0.6328125 0.10078125000000004
3 0.653125 0.44218749999999996 0.6929687499999999 0.11640624999999999
3 0.6171875 0.33515625 0.76484375 0.17812499999999998
3 0.65859375 0.24062500000000003 0.6828125 0.12265625000000002
3 0.49687499999999996 0.1609375 0.26171875 0.0390625
4 0.4046875 0.06796875 0.09843749999999996 0.07421875
4 0.384375 0.20078125 0.06718749999999996 0.0546875
4 0.3578125 0.26796875 0.09765625 0.04921874999999998
4 0.30546875000000007 0.33359375 0.12031250000000004 0.12109375
4 0.3609375000000001 0.45859375 0.10390624999999998 0.08906250000000004
4 0.384375 0.54921875 0.078125 0.06562500000000004
4 0.41796875 0.6828125 0.08203125 0.06015625000000002
4 0.4203124999999999 0.59296875 0.08750000000000002 0.04296875
