5 0.36899038461538464 0.6021634615384616 0.12379807692307698 0.06971153846153855
5 0.3894230769230769 0.7283653846153846 0.09014423076923073 0.05288461538461542
5 0.407451923076923 0.7944711538461539 0.06730769230769229 0.04807692307692313
5 0.3713942307692307 0.12259615384615385 0.1670673076923077 0.08293269230769229
7 0.2848557692307693 0.5841346153846154 0.04567307692307687 0.03485576923076916
7 0.31971153846153844 0.7271634615384616 0.03245192307692313 0.030048076923076872
7 0.3545673076923077 0.7836538461538461 0.03125 0.030048076923076872
7 0.23317307692307693 0.8112980769230769 0.019230769230769273 0.019230769230769273
5 0.26802884615384615 0.8088942307692308 0.05168269230769229 0.027644230769230727
3 0.266826923076923 0.8088942307692308 0.09855769230769229 0.034855769230769273
3 0.41466346153846156 0.7848557692307692 0.17067307692307687 0.06129807692307698
3 0.4074519230769231 0.7211538461538461 0.22235576923076927 0.08653846153846145
3 0.4050480769230769 0.5805288461538461 0.28846153846153844 0.10817307692307687
3 0.4266826923076923 0.13221153846153844 0.39423076923076916 0.1514423076923077
