7 0.7367788461538461 0.606971153846154 0.04807692307692313 0.055288461538461564
7 0.7644230769230769 0.7199519230769231 0.046875 0.04807692307692313
7 0.8173076923076923 0.33052884615384615 0.04086538461538458 0.04206730769230771
7 0.5300480769230769 0.34134615384615385 0.038461538461538436 0.03846153846153849
3 0.8774038461538461 0.2668269230769231 0.15504807692307687 0.11778846153846156
3 0.5853365384615384 0.30528846153846156 0.1514423076923077 0.125
3 0.8605769230769231 0.3557692307692308 0.13942307692307698 0.10096153846153844
3 0.8293269230769231 0.5745192307692307 0.11057692307692302 0.08774038461538458
3 0.7872596153846154 0.6081730769230769 0.1298076923076923 0.12860576923076916
3 0.8341346153846154 0.7536057692307692 0.18629807692307698 0.13701923076923073
