6 0.2956730769230769 0.7716346153846154 0.1358173076923076 0.10336538461538458
6 0.21514423076923078 0.6490384615384616 0.11057692307692302 0.08413461538461542
6 0.25600961538461536 0.5841346153846153 0.08413461538461531 0.06370192307692313
6 0.3173076923076923 0.48677884615384615 0.08413461538461542 0.09495192307692313
6 0.19591346153846156 0.37259615384615385 0.09495192307692313 0.08293269230769229
6 0.2139423076923077 0.2716346153846154 0.12139423076923084 0.11538461538461542
5 0.5661057692307694 0.8052884615384616 0.3786057692307693 0.15745192307692313
5 0.4314903846153846 0.6850961538461539 0.3221153846153846 0.1358173076923077
5 0.4723557692307692 0.5769230769230769 0.2872596153846153 0.12139423076923084
5 0.546875 0.4735576923076923 0.30889423076923084 0.15985576923076916
5 0.4338942307692308 0.3653846153846154 0.3064903846153847 0.1610576923076923
5 0.4807692307692308 0.234375 0.344951923076923 0.171875
3 0.6069711538461539 0.8125 0.7668269230769231 0.18149038461538458
3 0.5721153846153846 0.6682692307692308 0.828125 0.14903846153846156
3 0.5925480769230769 0.5637019230769231 0.7668269230769231 0.14423076923076916
3 0.6298076923076923 0.4723557692307693 0.7091346153846154 0.19471153846153855
3 0.5600961538461539 0.3653846153846154 0.8197115384615385 0.1766826923076923
3 0.5685096153846154 0.24278846153846156 0.8245192307692308 0.1923076923076923
