6 0.8665865384615384 0.282451923076923 0.2235576923076923 0.17788461538461536
6 0.8016826923076923 0.4963942307692307 0.12139423076923084 0.09254807692307687
6 0.7608173076923077 0.7199519230769231 0.19110576923076916 0.14423076923076916
5 0.3064903846153846 0.2644230769230769 0.6105769230769231 0.31971153846153844
5 0.42067307692307687 0.5204326923076923 0.4759615384615383 0.18149038461538458
5 0.2716346153846154 0.6814903846153846 0.5384615384615383 0.2560096153846154
3 0.4903846153846154 0.2439903846153846 0.9759615384615383 0.3629807692307692
3 0.43509615384615385 0.5348557692307693 0.8545673076923077 0.2139423076923077
3 0.4254807692307693 0.7091346153846154 0.8473557692307694 0.23557692307692302
1 0.7355769230769231 0.2800480769230769 0.07932692307692302 0.15264423076923075
1 0.6682692307692308 0.7127403846153846 0.0625 0.11899038461538458
1 0.734375 0.49399038461538464 0.046875 0.07692307692307698
