1 0.8137019230769231 0.34735576923076916 0.043269230769230727 0.08173076923076922
1 0.8137019230769231 0.71875 0.043269230769230727 0.07451923076923073
1 0.796875 0.5588942307692306 0.04086538461538458 0.07451923076923073
3 0.5612980769230769 0.33653846153846156 0.8677884615384616 0.15985576923076922
3 0.5552884615384616 0.7776442307692307 0.8629807692307694 0.25
3 0.548076923076923 0.14543269230769232 0.8798076923076923 0.2848557692307692
3 0.5372596153846154 0.5612980769230769 0.796875 0.234375
5 0.48317307692307687 0.5697115384615385 0.5 0.19110576923076927
5 0.4471153846153846 0.3269230769230769 0.6189903846153846 0.19110576923076925
5 0.41346153846153844 0.7908653846153846 0.5793269230769231 0.24399038461538458
5 0.3810096153846154 0.14663461538461542 0.5432692307692308 0.2860576923076923
6 0.9026442307692308 0.15745192307692307 0.18028846153846156 0.2872596153846153
6 0.8990384615384615 0.3377403846153847 0.14423076923076927 0.13701923076923078
6 0.8737980769230769 0.7620192307692307 0.203125 0.19350961538461542
6 0.8473557692307692 0.5637019230769231 0.12860576923076927 0.12860576923076916
