3 0.6370192307692308 0.5072115384615384 0.15504807692307698 0.6009615384615385
3 0.8737980769230769 0.5396634615384616 0.08413461538461542 0.4326923076923077
3 0.734375 0.5372596153846154 0.06610576923076916 0.3641826923076923
3 0.7740384615384616 0.5228365384615384 0.05769230769230771 0.3076923076923077
3 0.8269230769230769 0.5252403846153846 0.058894230769230727 0.2884615384615384
3 0.3810096153846154 0.5372596153846154 0.09375 0.451923076923077
3 0.17908653846153844 0.5685096153846154 0.1298076923076923 0.3028846153846154
7 0.35817307692307687 0.36177884615384615 0.04086538461538458 0.07692307692307693
5 0.6358173076923077 0.3966346153846153 0.109375 0.20673076923076922
5 0.8810096153846154 0.45673076923076916 0.06850961538461542 0.16225961538461536
