5 0.5180288461538461 0.21394230769230768 0.4110576923076923 0.17788461538461536
5 0.45192307692307687 0.3389423076923077 0.4326923076923077 0.203125
5 0.48557692307692313 0.828125 0.4483173076923077 0.17788461538461542
6 0.8425480769230769 0.22235576923076922 0.08774038461538469 0.09735576923076925
6 0.7572115384615384 0.671875 0.10817307692307687 0.09975961538461542
7 0.7788461538461539 0.36298076923076916 0.11778846153846145 0.11538461538461536
0 0.7391826923076923 0.5036057692307693 0.09735576923076916 0.10817307692307687
0 0.8653846153846154 0.5612980769230769 0.09495192307692302 0.10576923076923073
0 0.8509615384615385 0.8197115384615384 0.10576923076923073 0.10336538461538458
3 0.530048076923077 0.21153846153846154 0.7331730769230769 0.21394230769230765
3 0.5192307692307692 0.33653846153846156 0.625 0.1887019230769231
3 0.5240384615384616 0.5 0.5480769230769231 0.17548076923076916
3 0.7620192307692308 0.5612980769230769 0.3245192307692307 0.14182692307692302
3 0.4951923076923077 0.6646634615384616 0.625 0.15504807692307687
3 0.4807692307692307 0.828125 0.8822115384615385 0.22836538461538458
