7 0.7980769230769231 0.9278846153846154 0.1358173076923076 0.10817307692307698
7 0.7355769230769231 0.7175480769230769 0.06971153846153844 0.07932692307692302
7 0.7307692307692307 0.06850961538461539 0.08894230769230771 0.09254807692307693
5 0.6009615384615384 0.9495192307692307 0.3076923076923077 0.09855769230769229
5 0.5925480769230769 0.46033653846153844 0.373798076923077 0.1826923076923077
5 0.5300480769230769 0.7427884615384616 0.2560096153846154 0.1298076923076923
5 0.5264423076923077 0.054086538461538464 0.265625 0.09855769230769229
3 0.4903846153846154 0.9098557692307693 0.7752403846153846 0.17788461538461542
3 0.46754807692307687 0.4855769230769231 0.9326923076923077 0.27403846153846156
3 0.45552884615384615 0.7391826923076923 0.7175480769230769 0.15985576923076916
3 0.43990384615384615 0.07451923076923078 0.6766826923076923 0.125
7 0.8605769230769231 0.4951923076923077 0.13701923076923073 0.11298076923076922
