6 0.27283653846153844 0.140625 0.1081730769230769 0.11538461538461542
6 0.29927884615384615 0.734375 0.08653846153846151 0.08413461538461542
4 0.30288461538461536 0.22836538461538464 0.07331730769230771 0.07451923076923073
4 0.31610576923076916 0.9002403846153846 0.11298076923076922 0.10456730769230771
6 0.328125 0.3365384615384615 0.09975961538461542 0.08653846153846156
3 0.5600961538461539 0.23317307692307687 0.6045673076923077 0.09855769230769229
3 0.5901442307692307 0.7271634615384616 0.7079326923076923 0.1670673076923077
3 0.5949519230769231 0.11298076923076927 0.7512019230769231 0.203125
3 0.6225961538461539 0.3497596153846155 0.7199519230769231 0.17307692307692302
3 0.6262019230769231 0.8870192307692308 0.7451923076923077 0.1718749999999999
