2 0.7788461538461539 0.2223557692307692 0.23557692307692313 0.11538461538461536
2 0.7415865384615384 0.6322115384615384 0.19471153846153855 0.10456730769230771
2 0.7151442307692307 0.5396634615384616 0.1610576923076923 0.08894230769230771
2 0.703125 0.9411057692307693 0.18149038461538458 0.10336538461538458
2 0.6995192307692308 0.796875 0.1875 0.10336538461538458
2 0.671875 0.39663461538461536 0.21514423076923084 0.109375
3 0.5216346153846153 0.19471153846153846 0.7608173076923077 0.28725961538461536
3 0.5012019230769231 0.6658653846153846 0.6947115384615384 0.24278846153846156
3 0.4651442307692307 0.4362980769230769 0.6237980769230769 0.2620192307692307
3 0.4639423076923077 0.8257211538461539 0.6466346153846154 0.18870192307692313
3 0.4567307692307693 0.9362980769230769 0.6706730769230769 0.125
