2 0.22596153846153844 0.4651442307692308 0.12019230769230771 0.07451923076923073
2 0.22836538461538458 0.078125 0.12019230769230771 0.06610576923076916
2 0.23317307692307693 0.26442307692307687 0.11899038461538469 0.05649038461538458
2 0.234375 0.8173076923076923 0.09375 0.05288461538461542
2 0.24278846153846156 0.6141826923076923 0.140625 0.07451923076923073
2 0.24639423076923078 0.390625 0.13701923076923073 0.07451923076923084
2 0.2644230769230769 0.9831730769230769 0.09014423076923073 0.030048076923076872
2 0.265625 0.6730769230769231 0.08173076923076916 0.04206730769230771
2 0.26802884615384615 0.8822115384615383 0.14182692307692313 0.06971153846153844
2 0.27283653846153844 0.21153846153846156 0.1298076923076923 0.06730769230769229
2 0.31971153846153844 0.7295673076923077 0.11899038461538458 0.06850961538461542
3 0.4579326923076923 0.9603365384615384 0.49639423076923084 0.07692307692307687
3 0.46274038461538464 0.8016826923076923 0.5661057692307693 0.10336538461538458
3 0.5036057692307693 0.08413461538461536 0.6670673076923077 0.15504807692307698
3 0.53125 0.49038461538461536 0.703125 0.12620192307692302
3 0.5637019230769231 0.7415865384615384 0.6201923076923077 0.11418269230769229
3 0.5721153846153846 0.21514423076923073 0.7403846153846154 0.1670673076923077
3 0.5721153846153846 0.6370192307692307 0.7956730769230769 0.20192307692307687
3 0.5721153846153846 0.38822115384615385 0.7824519230769231 0.19471153846153855
3 0.5877403846153846 0.8930288461538461 0.7427884615384617 0.18870192307692313
