4 0.33046875 0.67734375 0.10078124999999999 0.27968749999999987
4 0.5171875 0.31875 0.09296875000000004 0.36484375000000013
4 0.5578125 0.35703125 0.06562500000000004 0.32499999999999996
4 0.68671875 0.35624999999999996 0.10468750000000004 0.3125
4 0.80078125 0.290625 0.14296874999999998 0.5570312499999999
0 0.7765625 0.5179687500000001 0.07968750000000002 0.06406250000000002
0 0.31640625 0.7828125 0.04375000000000001 0.05859375
0 0.51484375 0.45546875 0.05234374999999997 0.078125
0 0.684375 0.47734374999999996 0.055468749999999956 0.06093750000000009
0 0.55703125 0.48593749999999997 0.047656249999999956 0.04921874999999998
