6 0.6778846153846154 0.25721153846153844 0.11298076923076916 0.09375
6 0.08653846153846156 0.3653846153846154 0.171875 0.15024038461538464
7 0.6778846153846154 0.5120192307692307 0.15504807692307698 0.109375
7 0.3112980769230768 0.09254807692307693 0.11778846153846156 0.09855769230769229
7 0.5829326923076923 0.016826923076923076 0.05649038461538458 0.03245192307692308
4 0.2800480769230769 0.16466346153846154 0.12139423076923073 0.11057692307692307
0 0.6598557692307692 0.3798076923076923 0.10096153846153844 0.10576923076923078
3 0.4254807692307693 0.2439903846153846 0.6057692307692306 0.13701923076923078
3 0.3004807692307693 0.020432692307692308 0.5612980769230769 0.040865384615384616
3 0.4651442307692307 0.36057692307692313 0.4891826923076923 0.11899038461538464
3 0.40745192307692313 0.4747596153846153 0.6802884615384617 0.19350961538461536
3 0.5192307692307692 0.59375 0.3653846153846154 0.12860576923076916
3 0.5072115384615384 0.6766826923076923 0.421875 0.09375
3 0.4807692307692307 0.7824519230769231 0.5096153846153846 0.1983173076923077
3 0.328125 0.9302884615384616 0.44110576923076916 0.13942307692307687
3 0.16826923076923073 0.17307692307692307 0.33653846153846145 0.21754807692307696
3 0.6490384615384616 0.44591346153846156 0.14182692307692313 0.05769230769230771
2 0.6706730769230769 0.7379807692307694 0.12139423076923084 0.09735576923076927
2 0.6502403846153846 0.6766826923076923 0.1298076923076924 0.050480769230769273
2 0.4627403846153846 0.9459134615384616 0.15024038461538458 0.10817307692307687
