6 0.8389423076923077 0.29447115384615385 0.24639423076923084 0.2704326923076923
6 0.8221153846153846 0.8774038461538461 0.23798076923076916 0.24278846153846145
6 0.7127403846153846 0.4747596153846154 0.1610576923076924 0.19350961538461542
1 0.6754807692307693 0.37379807692307687 0.09855769230769229 0.09375
1 0.6730769230769231 0.8389423076923077 0.10336538461538469 0.09014423076923084
6 0.6358173076923077 0.7079326923076923 0.16826923076923084 0.16826923076923084
1 0.5865384615384616 0.5060096153846153 0.10456730769230771 0.14182692307692313
1 0.5096153846153846 0.7163461538461539 0.09975961538461531 0.1514423076923077
3 0.5012019230769231 0.21514423076923078 0.9495192307692307 0.4278846153846153
3 0.46754807692307687 0.8774038461538461 0.8942307692307692 0.21754807692307687
3 0.4254807692307693 0.49879807692307687 0.7644230769230769 0.2451923076923077
3 0.3713942307692307 0.7151442307692308 0.7067307692307694 0.23317307692307698
