3 0.41953125 0.2703125 0.8390625 0.36249999999999993
3 0.38749999999999996 0.82265625 0.7749999999999999 0.35468750000000004
3 0.36484375 0.47734374999999996 0.7289062499999999 0.44531249999999994
5 0.28437500000000004 0.2625 0.5335937500000001 0.33124999999999993
5 0.2640625 0.8109375 0.528125 0.37812500000000004
5 0.25390625 0.47265624999999994 0.5078125 0.41718749999999993
0 0.7296875 0.28828125 0.21328124999999998 0.23125000000000004
6 0.61328125 0.5796875 0.2320312499999999 0.2640624999999999
6 0.653125 0.840625 0.21796874999999993 0.20546874999999998
1 0.53125 0.85 0.07499999999999996 0.16015625
1 0.50859375 0.62109375 0.07265624999999998 0.10234374999999996
1 0.6187500000000001 0.309375 0.09921875000000002 0.18671874999999996
