7 0.5240384615384616 0.6490384615384615 0.05649038461538458 0.058894230769230727
7 0.48076923076923084 0.5649038461538461 0.046875 0.04807692307692313
7 0.3966346153846154 0.46153846153846156 0.04326923076923084 0.04567307692307687
7 0.4483173076923077 0.3329326923076923 0.05288461538461542 0.05288461538461542
7 0.4423076923076923 0.20552884615384615 0.05048076923076916 0.04567307692307687
3 0.5456730769230769 0.7355769230769231 0.28485576923076916 0.09495192307692302
3 0.6622596153846154 0.6598557692307692 0.34014423076923084 0.08653846153846156
3 0.625 0.5612980769230769 0.34014423076923084 0.08173076923076927
3 0.5216346153846154 0.4651442307692307 0.30048076923076916 0.08653846153846145
3 0.5649038461538461 0.3377403846153846 0.29807692307692313 0.08774038461538458
3 0.5685096153846154 0.21033653846153844 0.3028846153846154 0.08894230769230771
2 0.42908653846153844 0.7548076923076923 0.03846153846153855 0.04086538461538458
