4 0.09975961538461542 0.6838942307692307 0.0625 0.06129807692307687
4 0.20913461538461536 0.7079326923076923 0.06129807692307698 0.06610576923076916
4 0.295673076923077 0.6730769230769231 0.05769230769230771 0.058894230769230727
4 0.3713942307692308 0.6850961538461539 0.055288461538461564 0.04567307692307687
4 0.454326923076923 0.6730769230769231 0.04807692307692313 0.04807692307692302
4 0.5240384615384616 0.7091346153846154 0.06129807692307687 0.05649038461538469
4 0.5949519230769231 0.6742788461538461 0.05649038461538458 0.05168269230769229
4 0.6165865384615384 0.6418269230769231 0.05168269230769229 0.04807692307692302
4 0.6598557692307694 0.7019230769230769 0.055288461538461564 0.06610576923076927
4 0.6983173076923077 0.6514423076923077 0.058894230769230727 0.06610576923076916
4 0.752403846153846 0.7151442307692308 0.06971153846153844 0.0625
4 0.8269230769230769 0.6850961538461539 0.06129807692307687 0.06730769230769229
4 0.9146634615384616 0.71875 0.06129807692307687 0.07211538461538458
3 0.11778846153846156 0.4338942307692307 0.16586538461538458 0.5697115384615385
3 0.20913461538461542 0.4483173076923077 0.125 0.5841346153846154
3 0.3016826923076923 0.4375 0.12860576923076916 0.5348557692307692
3 0.36177884615384615 0.4435096153846154 0.08293269230769229 0.5504807692307692
3 0.41225961538461536 0.4110576923076923 0.09975961538461531 0.48076923076923084
3 0.45913461538461536 0.4435096153846154 0.06971153846153844 0.5216346153846154
3 0.5192307692307693 0.4627403846153846 0.09254807692307687 0.5661057692307692
3 0.609375 0.3954326923076923 0.09375 0.5276442307692308
3 0.7007211538461537 0.4002403846153846 0.10096153846153844 0.5564903846153846
3 0.6598557692307693 0.6490384615384617 0.06370192307692313 0.19951923076923073
3 0.7608173076923077 0.46153846153846156 0.08774038461538458 0.5817307692307694
3 0.8185096153846154 0.45192307692307687 0.09855769230769229 0.5420673076923077
3 0.9026442307692307 0.45192307692307687 0.11538461538461542 0.6310096153846154
