5 0.34975961538461536 0.6658653846153846 0.055288461538461564 0.10096153846153844
3 0.375 0.6622596153846154 0.15625 0.12620192307692302
5 0.8341346153846154 0.47115384615384615 0.0625 0.07331730769230771
5 0.8461538461538461 0.5300480769230769 0.06730769230769229 0.055288461538461564
5 0.8581730769230769 0.7716346153846154 0.07692307692307698 0.07692307692307698
3 0.8677884615384616 0.4723557692307692 0.18870192307692313 0.09735576923076927
5 0.8762019230769231 0.5949519230769231 0.07451923076923073 0.08293269230769229
3 0.8762019230769231 0.7572115384615385 0.17548076923076916 0.09735576923076927
3 0.8822115384615384 0.5276442307692307 0.171875 0.07211538461538458
3 0.8846153846153846 0.5889423076923077 0.15745192307692302 0.10336538461538458
3 0.890625 0.8197115384615384 0.14663461538461542 0.07692307692307687
5 0.8918269230769231 0.828125 0.08774038461538458 0.05649038461538458
