3 0.846875 0.35703125 0.11875000000000002 0.48515624999999996
3 0.74296875 0.38671875 0.07968750000000002 0.4296875
3 0.6578124999999999 0.39140624999999996 0.08046874999999998 0.3695312500000001
3 0.575 0.4125 0.09453124999999996 0.35078125000000004
3 0.484375 0.4203125 0.08515625000000004 0.34843749999999996
3 0.40234375 0.41171875 0.07187499999999991 0.31640625
3 0.309375 0.38984375 0.07265624999999998 0.37968750000000007
3 0.33671874999999996 0.40859375 0.0546875 0.34921875000000013
3 0.23046875 0.36953125 0.08046875000000009 0.4375
3 0.13046875000000002 0.359375 0.11406249999999996 0.6046875
4 0.1609375 0.61640625 0.06796875000000002 0.07343749999999993
4 0.3140625 0.546875 0.04062500000000013 0.05390624999999993
4 0.64453125 0.54765625 0.046093750000000044 0.04765625000000007
4 0.5796874999999999 0.56875 0.03359374999999998 0.05234375000000013
4 0.33359375 0.56328125 0.028124999999999956 0.046875
6 0.234375 0.55390625 0.04843749999999991 0.05781249999999993
6 0.48515625 0.5671875 0.03749999999999998 0.04140624999999998
6 0.40703124999999996 0.54453125 0.0390625 0.046875
6 0.7375 0.5617187499999999 0.057812500000000044 0.059374999999999956
6 0.8375 0.55390625 0.0546875 0.0546875
