2 0.6862980769230769 0.7980769230769231 0.07211538461538458 0.12379807692307698
2 0.8004807692307694 0.7788461538461539 0.06610576923076927 0.11057692307692313
2 0.6322115384615384 0.765625 0.05649038461538458 0.10336538461538458
2 0.467548076923077 0.7572115384615384 0.06370192307692313 0.11418269230769229
2 0.3137019230769231 0.7463942307692307 0.05288461538461531 0.09855769230769229
3 0.1923076923076923 0.6935096153846154 0.05048076923076916 0.13221153846153844
2 0.38100961538461536 0.6502403846153846 0.03725961538461531 0.050480769230769273
3 0.3076923076923077 0.5108173076923077 0.13100961538461542 0.5661057692307692
3 0.4807692307692308 0.5060096153846153 0.15745192307692302 0.6298076923076923
3 0.8762019230769231 0.484375 0.19711538461538458 0.9591346153846154
3 0.6105769230769231 0.47115384615384615 0.125 0.7043269230769231
3 0.7043269230769231 0.43028846153846156 0.11418269230769229 0.8557692307692306
2 0.8605769230769231 0.8737980769230769 0.10817307692307698 0.16225961538461542
