3 0.696875 0.7375 0.10234374999999996 0.24921874999999993
3 0.5671875 0.69921875 0.09453124999999996 0.22187500000000004
3 0.41484375 0.25078124999999996 0.25625 0.5015624999999999
3 0.33515625 0.49921875000000004 0.18281249999999993 0.7421875
3 0.46328125000000003 0.63203125 0.11562499999999998 0.43515625
0 0.6875 0.78984375 0.07499999999999996 0.12343749999999998
0 0.38906250000000003 0.78359375 0.06874999999999998 0.15312499999999996
0 0.5546875 0.7609374999999999 0.05859375 0.08906250000000004
0 0.4875 0.4351562500000001 0.06874999999999998 0.15000000000000002
5 0.46796875000000004 0.6007812499999999 0.109375 0.22578125000000004
