2 0.7884615384615384 0.8557692307692307 0.22836538461538458 0.140625
2 0.78125 0.4387019230769231 0.06850961538461542 0.038461538461538436
2 0.7728365384615384 0.7151442307692307 0.11778846153846145 0.07211538461538458
2 0.7524038461538461 0.5564903846153846 0.1826923076923077 0.08774038461538458
2 0.7391826923076923 0.329326923076923 0.16225961538461542 0.09855769230769229
2 0.7235576923076923 0.7932692307692306 0.16225961538461542 0.058894230769230727
2 0.7211538461538461 0.9495192307692307 0.11057692307692313 0.05649038461538458
3 0.4963942307692307 0.6947115384615384 0.6778846153846154 0.12379807692307687
3 0.484375 0.9519230769230769 0.6129807692307692 0.09254807692307698
3 0.46033653846153844 0.8473557692307693 0.8858173076923077 0.20913461538461542
3 0.42908653846153844 0.5432692307692307 0.8329326923076923 0.21754807692307687
3 0.4254807692307693 0.3004807692307692 0.8004807692307694 0.251201923076923
