5 0.49158653846153844 0.19110576923076922 0.3016826923076923 0.17307692307692304
5 0.5096153846153846 0.344951923076923 0.25721153846153844 0.13581730769230765
5 0.5288461538461539 0.46274038461538464 0.21995192307692313 0.12139423076923073
5 0.5372596153846154 0.6009615384615384 0.2295673076923076 0.1358173076923077
5 0.5012019230769231 0.8052884615384616 0.25360576923076916 0.13461538461538458
7 0.7223557692307692 0.22475961538461536 0.07211538461538458 0.10456730769230768
7 0.6935096153846154 0.3713942307692308 0.078125 0.07331730769230771
7 0.7007211538461539 0.4495192307692308 0.07331730769230771 0.078125
7 0.7151442307692308 0.5745192307692306 0.07211538461538469 0.09014423076923073
7 0.7091346153846154 0.7992788461538461 0.07692307692307698 0.09855769230769229
3 0.39182692307692313 0.17548076923076922 0.7620192307692308 0.2139423076923077
3 0.40504807692307687 0.3377403846153846 0.6550480769230769 0.15504807692307693
3 0.41346153846153844 0.4747596153846154 0.6887019230769231 0.18750000000000006
3 0.4158653846153846 0.6141826923076923 0.7043269230769231 0.19110576923076916
3 0.3966346153846154 0.8209134615384616 0.7403846153846154 0.23317307692307687
