3 0.8665865384615384 0.5408653846153846 0.23557692307692313 0.8954326923076923
3 0.6682692307692308 0.6201923076923077 0.1875 0.734375
3 0.4963942307692307 0.5745192307692307 0.21153846153846145 0.8233173076923077
3 0.31370192307692313 0.6262019230769231 0.19350961538461542 0.7079326923076923
3 0.12019230769230771 0.6286057692307693 0.20913461538461542 0.71875
5 0.8365384615384615 0.44711538461538464 0.18389423076923073 0.438701923076923
5 0.6622596153846154 0.6081730769230769 0.1875 0.407451923076923
5 0.29927884615384615 0.6598557692307693 0.17067307692307687 0.4423076923076923
5 0.12860576923076927 0.7271634615384616 0.21754807692307687 0.49879807692307687
6 0.8221153846153846 0.13822115384615385 0.09014423076923084 0.10456730769230771
6 0.4747596153846154 0.2175480769230769 0.09855769230769229 0.09975961538461536
6 0.328125 0.32211538461538464 0.09975961538461542 0.09855769230769229
0 0.6538461538461539 0.3064903846153847 0.09254807692307687 0.10576923076923078
0 0.11899038461538464 0.33173076923076916 0.11057692307692302 0.12860576923076922
1 0.8233173076923077 0.19230769230769232 0.0625 0.04326923076923078
