3 0.37379807692307687 0.6466346153846154 0.5168269230769231 0.1346153846153847
3 0.3557692307692307 0.7079326923076923 0.4014423076923077 0.078125
3 0.3497596153846154 0.592548076923077 0.390625 0.07331730769230771
3 0.3545673076923077 0.49399038461538464 0.5192307692307692 0.11057692307692302
3 0.3810096153846154 0.5552884615384616 0.4302884615384617 0.05769230769230771
3 0.3473557692307693 0.44591346153846156 0.35096153846153855 0.04206730769230771
3 0.3557692307692307 0.40625 0.39903846153846145 0.0625
3 0.35817307692307687 0.37620192307692313 0.4170673076923077 0.08293269230769229
3 0.3798076923076923 0.2980769230769231 0.4939903846153846 0.11778846153846156
6 0.5288461538461539 0.7007211538461539 0.04807692307692313 0.03846153846153855
6 0.5961538461538461 0.6430288461538461 0.06370192307692313 0.04567307692307687
6 0.5901442307692307 0.5108173076923077 0.05168269230769229 0.05048076923076916
6 0.5697115384615384 0.5348557692307692 0.05168269230769229 0.027644230769230838
6 0.49879807692307687 0.4435096153846154 0.046875 0.03125
6 0.5300480769230769 0.3966346153846154 0.050480769230769273 0.04086538461538458
6 0.5480769230769231 0.3581730769230769 0.0625 0.038461538461538436
6 0.5973557692307692 0.30168269230769224 0.05649038461538458 0.050480769230769273
6 0.4435096153846154 0.6478365384615384 0.2235576923076923 0.13221153846153855
6 0.3990384615384616 0.7115384615384616 0.16346153846153844 0.06850961538461542
6 0.4158653846153846 0.5829326923076923 0.1826923076923077 0.05288461538461542
6 0.43028846153846156 0.5096153846153846 0.1923076923076923 0.11298076923076927
6 0.4110576923076923 0.4158653846153845 0.15264423076923084 0.055288461538461564
6 0.4182692307692307 0.37139423076923067 0.17788461538461542 0.06610576923076927
6 0.4483173076923077 0.30528846153846156 0.20673076923076916 0.11418269230769229
