6 0.4651442307692307 0.09495192307692313 0.09855769230769229 0.07331730769230771
4 0.4723557692307693 0.5180288461538461 0.046875 0.04567307692307687
3 0.31971153846153844 0.5901442307692307 0.3641826923076923 0.07932692307692313
3 0.31370192307692313 0.5240384615384617 0.34735576923076916 0.08173076923076927
3 0.42548076923076933 0.4567307692307693 0.13701923076923073 0.05288461538461542
3 0.2716346153846154 0.4170673076923077 0.5216346153846154 0.15024038461538458
3 0.3004807692307693 0.23557692307692318 0.53125 0.14182692307692302
3 0.2608173076923077 0.10336538461538464 0.4903846153846154 0.10576923076923073
3 0.3341346153846154 0.11538461538461542 0.4314903846153846 0.09855769230769229
2 0.5060096153846154 0.23437499999999994 0.11538461538461542 0.06610576923076927
2 0.4903846153846154 0.5877403846153846 0.04326923076923084 0.03125
2 0.4675480769230769 0.4447115384615385 0.043269230769230727 0.027644230769230727
2 0.4783653846153846 0.38221153846153844 0.12139423076923084 0.078125
