3 0.3689903846153846 0.10456730769230771 0.7199519230769231 0.20673076923076916
3 0.375 0.27283653846153844 0.5661057692307692 0.13221153846153855
3 0.40865384615384615 0.33413461538461536 0.6550480769230769 0.18389423076923073
3 0.39903846153846156 0.4807692307692308 0.71875 0.282451923076923
3 0.4278846153846154 0.7067307692307692 0.8329326923076923 0.2716346153846153
3 0.4278846153846154 0.8798076923076923 0.8401442307692308 0.23798076923076916
4 0.6550480769230769 0.14182692307692313 0.13701923076923084 0.14663461538461542
4 0.6778846153846154 0.5216346153846154 0.17788461538461542 0.14663461538461542
7 0.608173076923077 0.28846153846153844 0.11418269230769229 0.09975961538461542
7 0.6634615384615383 0.38221153846153844 0.12860576923076927 0.109375
7 0.7608173076923077 0.6658653846153846 0.14423076923076916 0.13942307692307698
7 0.7536057692307692 0.8882211538461539 0.18870192307692302 0.21754807692307687
5 0.4134615384615384 0.71875 0.4314903846153847 0.203125
5 0.31009615384615385 0.9026442307692307 0.5985576923076923 0.19350961538461542
