1 0.6838942307692308 0.5576923076923077 0.07211538461538469 0.10336538461538458
7 0.6682692307692308 0.8221153846153846 0.18028846153846156 0.21875
7 0.6610576923076923 0.1298076923076923 0.140625 0.22235576923076916
7 0.6322115384615384 0.31971153846153844 0.1514423076923077 0.18629807692307687
1 0.5901442307692307 0.18629807692307682 0.07932692307692313 0.07692307692307698
1 0.5805288461538461 0.7608173076923077 0.05168269230769229 0.05649038461538458
1 0.5432692307692307 0.3557692307692307 0.05769230769230771 0.10456730769230771
3 0.43629807692307687 0.5793269230769231 0.8689903846153846 0.3125
3 0.38942307692307687 0.8137019230769231 0.7692307692307692 0.3125
3 0.36778846153846156 0.12620192307692313 0.7295673076923077 0.25
3 0.36057692307692313 0.33653846153846156 0.71875 0.21995192307692313
5 0.296875 0.5697115384615384 0.5841346153846154 0.28125
5 0.2451923076923077 0.12860576923076927 0.45673076923076916 0.25120192307692313
5 0.23557692307692313 0.8137019230769231 0.4423076923076923 0.3125
5 0.22836538461538458 0.3221153846153846 0.4375 0.22475961538461542
6 0.7704326923076923 0.546875 0.17788461538461542 0.20673076923076916
