6 0.686298076923077 0.3557692307692307 0.02043269230769229 0.03245192307692313
6 0.7752403846153846 0.43629807692307687 0.02524038461538458 0.03605769230769229
6 0.7644230769230769 0.5180288461538461 0.019230769230769273 0.024038461538461453
6 0.6598557692307692 0.5024038461538461 0.021634615384615308 0.02644230769230771
6 0.6105769230769231 0.53125 0.019230769230769162 0.019230769230769162
6 0.5540865384615384 0.40625 0.02043269230769229 0.04086538461538458
3 0.704326923076923 0.31971153846153844 0.05769230769230771 0.10336538461538458
3 0.7584134615384616 0.3762019230769231 0.05769230769230771 0.15504807692307698
3 0.7596153846153846 0.4903846153846154 0.03725961538461542 0.078125
3 0.6514423076923077 0.44471153846153844 0.046875 0.14182692307692313
3 0.6069711538461539 0.48317307692307687 0.03605769230769229 0.11538461538461542
3 0.5552884615384616 0.3533653846153846 0.04807692307692313 0.15625
