6 0.6694711538461539 0.7103365384615384 0.06129807692307687 0.09254807692307687
6 0.3329326923076923 0.5408653846153846 0.02524038461538458 0.04206730769230771
0 0.39663461538461536 0.4939903846153847 0.014423076923076983 0.02043269230769229
5 0.2668269230769231 0.6923076923076923 0.038461538461538436 0.07211538461538458
5 0.3365384615384616 0.5901442307692307 0.04086538461538469 0.07692307692307687
5 0.39663461538461536 0.5504807692307693 0.03725961538461531 0.08413461538461542
5 0.6887019230769231 0.8521634615384617 0.09855769230769229 0.21153846153846156
6 0.266826923076923 0.6418269230769231 0.016826923076923128 0.02043269230769229
3 0.27403846153846156 0.6887019230769231 0.06730769230769229 0.11899038461538458
3 0.33533653846153844 0.6237980769230769 0.05528846153846145 0.19110576923076916
3 0.39663461538461536 0.5961538461538461 0.055288461538461564 0.23317307692307687
3 0.6899038461538461 0.8233173076923077 0.12379807692307687 0.32451923076923084
