2 0.7427884615384616 0.16947115384615385 0.10336538461538458 0.05769230769230771
2 0.734375 0.3004807692307693 0.11298076923076916 0.07211538461538464
2 0.7175480769230769 0.7572115384615384 0.10336538461538458 0.06129807692307687
2 0.7115384615384617 0.6694711538461537 0.12139423076923073 0.06971153846153844
2 0.6983173076923077 0.1466346153846154 0.13461538461538458 0.07211538461538462
2 0.6971153846153846 0.515625 0.1298076923076924 0.06610576923076922
3 0.4423076923076923 0.3173076923076923 0.6814903846153846 0.171875
3 0.421875 0.5 0.6935096153846154 0.19951923076923084
3 0.4122596153846154 0.7848557692307694 0.7307692307692308 0.14423076923076927
3 0.4002403846153846 0.6875 0.7596153846153846 0.203125
3 0.3870192307692307 0.14543269230769232 0.7403846153846154 0.171875
