7 0.4158653846153846 0.31971153846153844 0.03725961538461542 0.024038461538461564
7 0.41346153846153844 0.36177884615384615 0.03605769230769229 0.03245192307692307
7 0.44471153846153844 0.23076923076923078 0.03245192307692313 0.030048076923076927
7 0.5276442307692308 0.29447115384615385 0.03125 0.030048076923076927
7 0.5697115384615384 0.3341346153846154 0.02644230769230771 0.027644230769230782
7 0.6009615384615383 0.35576923076923084 0.025240384615384692 0.025240384615384637
7 0.7512019230769231 0.4338942307692308 0.02524038461538458 0.024038461538461564
7 0.764423076923077 0.5612980769230769 0.02644230769230771 0.02043269230769229
7 0.5456730769230769 0.5036057692307693 0.03125 0.02403846153846151
7 0.4338942307692307 0.6286057692307693 0.046875 0.03125
7 0.5889423076923077 0.6550480769230769 0.03485576923076916 0.02524038461538458
7 0.5480769230769231 0.6754807692307694 0.03125 0.024038461538461564
7 0.59375 0.7127403846153846 0.03725961538461542 0.03125
7 0.5745192307692308 0.8137019230769231 0.03125 0.02163461538461542
7 0.5252403846153846 0.8894230769230769 0.03725961538461531 0.03125
7 0.5913461538461539 0.9591346153846154 0.03605769230769229 0.03245192307692313
6 0.561298076923077 0.1346153846153846 0.03245192307692313 0.026442307692307696
5 0.49158653846153844 0.12980769230769232 0.10096153846153855 0.05288461538461538
5 0.3473557692307692 0.3137019230769231 0.11298076923076927 0.05168269230769229
5 0.4435096153846154 0.282451923076923 0.07331730769230771 0.03245192307692307
5 0.34615384615384615 0.36778846153846156 0.09495192307692313 0.04807692307692307
5 0.4963942307692307 0.5288461538461539 0.07932692307692313 0.05769230769230771
5 0.5036057692307692 0.609375 0.0673076923076924 0.050480769230769273
5 0.48197115384615385 0.6862980769230769 0.09495192307692313 0.043269230769230727
5 0.5456730769230769 0.7043269230769231 0.06971153846153844 0.03245192307692313
5 0.4543269230769232 0.8942307692307692 0.09495192307692302 0.043269230769230727
5 0.5240384615384616 0.9519230769230769 0.09855769230769229 0.043269230769230727
3 0.4543269230769232 0.1334134615384615 0.251201923076923 0.07331730769230768
3 0.4411057692307693 0.18870192307692307 0.24399038461538458 0.06850961538461539
3 0.3930288461538462 0.2259615384615385 0.13221153846153844 0.055288461538461564
3 0.4254807692307693 0.28846153846153844 0.234375 0.05769230769230771
3 0.3076923076923077 0.3137019230769231 0.2752403846153846 0.0625
3 0.29927884615384615 0.36778846153846156 0.2704326923076923 0.06971153846153849
3 0.5012019230769231 0.33413461538461536 0.18028846153846156 0.05168269230769229
3 0.5108173076923077 0.3641826923076923 0.20913461538461542 0.05288461538461536
3 0.6622596153846154 0.42427884615384615 0.203125 0.06971153846153849
3 0.6766826923076923 0.5745192307692307 0.21274038461538458 0.05649038461538458
3 0.7331730769230769 0.7776442307692306 0.15024038461538458 0.058894230769230727
3 0.39182692307692313 0.6213942307692306 0.12019230769230771 0.058894230769230727
3 0.45432692307692313 0.6875 0.2139423076923077 0.058894230769230727
3 0.5552884615384616 0.6598557692307694 0.09495192307692313 0.055288461538461564
3 0.5204326923076923 0.7091346153846154 0.17788461538461542 0.055288461538461564
3 0.46995192307692313 0.8112980769230769 0.24399038461538458 0.078125
3 0.421875 0.8894230769230769 0.24639423076923084 0.07211538461538458
3 0.49038461538461536 0.9519230769230769 0.24879807692307698 0.06129807692307687
