7 0.6069711538461539 0.22475961538461542 0.07331730769230771 0.08293269230769232
7 0.5528846153846154 0.22596153846153844 0.05288461538461542 0.07211538461538458
7 0.45072115384615385 0.30528846153846156 0.06129807692307687 0.06370192307692307
7 0.46153846153846156 0.24639423076923078 0.04807692307692313 0.0480769230769231
7 0.34375 0.28966346153846156 0.046875 0.04807692307692307
7 0.3221153846153845 0.27163461538461536 0.034855769230769273 0.06370192307692304
7 0.4411057692307693 0.5396634615384616 0.05649038461538458 0.07932692307692313
7 0.35216346153846156 0.5192307692307693 0.06370192307692313 0.06610576923076922
6 0.23557692307692307 0.5192307692307693 0.06610576923076927 0.06370192307692313
6 0.19110576923076922 0.2776442307692308 0.06610576923076927 0.05168269230769229
6 0.10216346153846156 0.3173076923076923 0.06370192307692313 0.07211538461538458
6 0.25480769230769224 0.27524038461538464 0.050480769230769273 0.0625
6 0.25721153846153844 0.27524038461538464 0.046875 0.06370192307692304
6 0.4963942307692307 0.24879807692307693 0.030048076923076872 0.05649038461538461
6 0.5192307692307693 0.20673076923076922 0.03605769230769229 0.043269230769230754
5 0.6189903846153846 0.44471153846153844 0.1466346153846153 0.2740384615384615
5 0.5264423076923077 0.46153846153846156 0.04086538461538458 0.19711538461538458
5 0.4543269230769231 0.45072115384615385 0.09254807692307698 0.17067307692307687
5 0.3473557692307692 0.44951923076923084 0.09735576923076927 0.19711538461538464
5 0.20192307692307687 0.46033653846153844 0.11538461538461542 0.2139423076923077
5 0.10096153846153844 0.5096153846153846 0.12620192307692313 0.2391826923076923
5 0.5336538461538461 0.7956730769230769 0.17067307692307687 0.3076923076923077
5 0.21514423076923073 0.6971153846153846 0.140625 0.2608173076923077
5 0.34495192307692313 0.6971153846153846 0.109375 0.21274038461538458
3 0.623798076923077 0.5769230769230769 0.1670673076923077 0.7884615384615383
3 0.5540865384615384 0.39302884615384615 0.06730769230769229 0.4170673076923077
3 0.5240384615384616 0.2644230769230769 0.03125 0.15504807692307696
3 0.49278846153846156 0.2776442307692308 0.04086538461538458 0.11418269230769229
3 0.4591346153846154 0.25600961538461536 0.05168269230769229 0.07692307692307696
3 0.4567307692307693 0.407451923076923 0.09855769230769229 0.25480769230769224
3 0.3401442307692307 0.40384615384615385 0.11057692307692313 0.28004807692307687
3 0.2668269230769232 0.38221153846153844 0.09014423076923073 0.28004807692307687
3 0.20312500000000006 0.4182692307692307 0.12139423076923073 0.33894230769230765
3 0.11057692307692318 0.6153846153846154 0.11057692307692302 0.6550480769230769
3 0.34134615384615385 0.7067307692307693 0.10456730769230771 0.4447115384615385
3 0.4350961538461539 0.6634615384615384 0.10096153846153844 0.3822115384615385
3 0.22596153846153844 0.7127403846153846 0.15745192307692313 0.467548076923077
3 0.5072115384615384 0.7536057692307692 0.21754807692307687 0.4807692307692307
