6 0.30889423076923084 0.6586538461538461 0.18149038461538464 0.1298076923076923
6 0.4122596153846153 0.47596153846153844 0.15985576923076922 0.11899038461538458
6 0.35096153846153844 0.28966346153846156 0.16826923076923078 0.13942307692307687
5 0.7199519230769231 0.6947115384615384 0.4891826923076923 0.26923076923076916
5 0.7824519230769231 0.46995192307692313 0.43028846153846156 0.2764423076923077
5 0.75 0.2620192307692308 0.4783653846153846 0.23076923076923073
3 0.6105769230769231 0.6875 0.765625 0.25360576923076916
3 0.6550480769230769 0.47115384615384615 0.6826923076923077 0.28004807692307687
3 0.6237980769230769 0.2608173076923077 0.7307692307692308 0.24399038461538458
1 0.48197115384615385 0.4723557692307693 0.05769230769230771 0.078125
