6 0.2079326923076923 0.25120192307692313 0.12139423076923084 0.08894230769230771
6 0.41586538461538464 0.40504807692307687 0.038461538461538436 0.02524038461538458
6 0.3810096153846153 0.6177884615384615 0.04206730769230771 0.043269230769230727
6 0.41346153846153844 0.5841346153846154 0.030048076923076872 0.02163461538461542
6 0.38100961538461536 0.38942307692307687 0.030048076923076983 0.014423076923076872
5 0.44350961538461536 0.6454326923076923 0.1141826923076924 0.05048076923076916
5 0.4567307692307692 0.6045673076923077 0.09014423076923073 0.04086538461538458
5 0.45432692307692313 0.37980769230769224 0.07211538461538458 0.050480769230769273
5 0.3653846153846153 0.15985576923076927 0.3329326923076923 0.25120192307692313
3 0.49399038461538464 0.6346153846153846 0.280048076923077 0.06850961538461531
3 0.49278846153846156 0.5973557692307693 0.203125 0.05769230769230771
3 0.49759615384615385 0.38461538461538464 0.20192307692307687 0.06370192307692302
3 0.5072115384615384 0.15264423076923078 0.7235576923076923 0.2932692307692307
1 0.25721153846153844 0.2560096153846154 0.04206730769230771 0.04807692307692313
