3 0.5060096153846154 0.7379807692307693 0.9747596153846154 0.46754807692307687
3 0.4314903846153846 0.1622596153846154 0.8052884615384617 0.3112980769230769
3 0.5300480769230769 0.298076923076923 0.6310096153846154 0.24519230769230765
3 0.6478365384615384 0.44471153846153844 0.2451923076923077 0.1490384615384615
3 0.6658653846153847 0.5793269230769231 0.2295673076923077 0.1514423076923077
3 0.5877403846153846 0.9242788461538463 0.4158653846153847 0.14903846153846156
2 0.8413461538461539 0.7463942307692307 0.3076923076923077 0.203125
2 0.7259615384615384 0.10096153846153846 0.234375 0.1634615384615385
2 0.765625 0.2620192307692308 0.16225961538461542 0.12139423076923075
2 0.6911057692307692 0.44471153846153844 0.140625 0.09735576923076922
2 0.6826923076923077 0.5865384615384616 0.17788461538461542 0.1298076923076923
2 0.7103365384615384 0.9399038461538461 0.1514423076923077 0.09855769230769229
