3 0.72109375 0.915625 0.5570312499999999 0.16874999999999996
3 0.62734375 0.853125 0.390625 0.11796874999999996
3 0.6453125 0.7875 0.39296875000000003 0.078125
3 0.7328125 0.69609375 0.534375 0.15859374999999998
3 0.725 0.51796875 0.55 0.1171875
3 0.65625 0.27421875 0.6875 0.28203125000000007
3 0.64765625 0.0515625 0.40546874999999993 0.07421875
3 0.71171875 0.1359375 0.5765625000000001 0.12578125
3 0.6328125 0.46015625 0.259375 0.04062500000000002
3 0.5671875 0.37890625 0.3203125 0.07421875
3 0.61015625 0.41171875 0.27578125000000003 0.05156250000000001
3 0.76953125 0.58125 0.40625 0.05703124999999998
0 0.47890625 0.04609375 0.051562499999999956 0.04218750000000001
4 0.3890625 0.29375 0.14375 0.11640625000000002
7 0.44765625 0.365625 0.06406249999999997 0.04921874999999998
4 0.5046875 0.4046875 0.039843749999999956 0.02031250000000001
4 0.521875 0.46171875000000007 0.035937499999999956 0.02812500000000001
4 0.4828125 0.52734375 0.06718749999999996 0.057812500000000044
4 0.47421875 0.875 0.07109374999999996 0.057812500000000044
4 0.49453125 0.778125 0.05703125000000003 0.04140624999999998
2 0.48906249999999996 0.16328125 0.12421874999999999 0.06328124999999998
2 0.51484375 0.93125 0.14374999999999993 0.08125000000000004
4 0.6 0.58984375 0.06328124999999996 0.038281250000000044
