5 0.35216346153846156 0.6658653846153846 0.18870192307692313 0.078125
5 0.38341346153846156 0.5985576923076923 0.20192307692307687 0.08774038461538458
5 0.39663461538461536 0.46754807692307687 0.1935096153846153 0.08173076923076916
5 0.4314903846153847 0.18509615384615385 0.26682692307692313 0.1298076923076923
7 0.48076923076923084 0.8653846153846154 0.109375 0.0829326923076924
7 0.44591346153846156 0.7355769230769231 0.09495192307692313 0.06971153846153844
7 0.2079326923076923 0.6766826923076923 0.05649038461538458 0.046875
7 0.2536057692307692 0.4735576923076923 0.058894230769230727 0.05288461538461542
0 0.25721153846153844 0.19591346153846156 0.09855769230769229 0.07692307692307687
0 0.2427884615384615 0.5817307692307693 0.06971153846153844 0.06730769230769229
3 0.6310096153846154 0.8918269230769231 0.4134615384615383 0.1622596153846153
3 0.5673076923076923 0.7716346153846154 0.3653846153846154 0.13701923076923084
3 0.4158653846153847 0.6742788461538461 0.4951923076923077 0.08894230769230771
3 0.46153846153846156 0.6033653846153846 0.5192307692307694 0.078125
3 0.3858173076923077 0.47596153846153844 0.33173076923076916 0.09495192307692313
3 0.5288461538461539 0.18990384615384615 0.6418269230769231 0.20192307692307687
