7 0.6923076923076923 0.8197115384615385 0.05889423076923084 0.043269230769230727
7 0.6778846153846154 0.5360576923076923 0.046875 0.046875
7 0.7235576923076923 0.46754807692307687 0.03725961538461542 0.046875
6 0.7391826923076923 0.7259615384615384 0.04086538461538458 0.03846153846153855
5 0.6502403846153846 0.7067307692307692 0.11298076923076927 0.06370192307692302
5 0.5588942307692307 0.546875 0.1610576923076923 0.08173076923076916
5 0.6286057692307692 0.4543269230769232 0.12139423076923084 0.07932692307692302
3 0.5925480769230769 0.8557692307692308 0.28125 0.11538461538461531
5 0.6262019230769231 0.8485576923076923 0.125 0.078125
3 0.6021634615384616 0.7043269230769231 0.3233173076923077 0.09735576923076927
3 0.5012019230769231 0.5504807692307692 0.4002403846153846 0.11538461538461531
3 0.5721153846153846 0.45432692307692313 0.3557692307692307 0.09975961538461542
