5 0.6778846153846154 0.46754807692307687 0.640625 0.3858173076923077
5 0.42788461538461536 0.8197115384615384 0.2079326923076924 0.12019230769230771
3 0.5276442307692307 0.45432692307692313 0.9423076923076923 0.4759615384615383
3 0.5168269230769231 0.8245192307692308 0.6033653846153846 0.1622596153846153
3 0.4375 0.6526442307692308 0.43389423076923084 0.1346153846153847
3 0.344951923076923 0.32572115384615385 0.2451923076923077 0.1358173076923077
3 0.5228365384615384 0.14663461538461536 0.6081730769230769 0.14903846153846156
2 0.17548076923076922 0.5012019230769231 0.21995192307692302 0.17788461538461542
2 0.2560096153846154 0.6394230769230769 0.0625 0.0625
2 0.265625 0.33413461538461536 0.07451923076923084 0.09254807692307698
2 0.25961538461538464 0.15985576923076927 0.07211538461538469 0.07211538461538458
