3 0.546875 0.8088942307692307 0.4435096153846154 0.11418269230769229
3 0.5588942307692307 0.5504807692307692 0.4134615384615385 0.10576923076923073
3 0.5372596153846154 0.5961538461538461 0.3653846153846154 0.06971153846153855
3 0.5625 0.3401442307692307 0.4747596153846154 0.12379807692307687
3 0.5192307692307692 0.2716346153846154 0.3870192307692307 0.08413461538461542
3 0.6189903846153846 0.12860576923076922 0.7151442307692308 0.22235576923076927
3 0.5432692307692307 0.03485576923076922 0.421875 0.06610576923076927
4 0.37139423076923084 0.8112980769230769 0.08774038461538464 0.06610576923076927
4 0.3701923076923077 0.548076923076923 0.046875 0.06370192307692313
4 0.3942307692307693 0.5961538461538461 0.06370192307692307 0.05168269230769229
4 0.35096153846153844 0.34254807692307687 0.04567307692307693 0.05769230769230771
4 0.3112980769230769 0.12620192307692307 0.08653846153846156 0.09254807692307698
