7 0.7608173076923077 0.6730769230769231 0.0625 0.03725961538461542
7 0.6899038461538461 0.8185096153846154 0.05168269230769229 0.038461538461538436
7 0.4326923076923077 0.7043269230769231 0.046875 0.04206730769230771
3 0.6009615384615384 0.5612980769230769 0.29807692307692313 0.09375
3 0.6009615384615384 0.16947115384615385 0.16225961538461542 0.13942307692307693
3 0.5456730769230769 0.7379807692307693 0.2764423076923077 0.10456730769230771
3 0.5480769230769231 0.8497596153846154 0.23076923076923084 0.07692307692307698
3 0.6033653846153846 0.9314903846153846 0.19110576923076916 0.11057692307692302
3 0.8425480769230769 0.6742788461538461 0.25360576923076916 0.15504807692307687
3 0.8149038461538461 0.8064903846153846 0.29567307692307687 0.14182692307692302
