3 0.74453125 0.71328125 0.44999999999999996 0.09062499999999996
3 0.72890625 0.278125 0.43671875000000004 0.09062499999999998
3 0.7359375 0.35546875 0.42656249999999996 0.06953124999999999
3 0.7359375 0.42499999999999993 0.43359375 0.07343749999999999
3 0.7421875 0.63671875 0.44296875 0.06953125000000004
3 0.7601562500000001 0.56796875 0.4046875 0.07499999999999996
3 0.7484375 0.4953125 0.42109375000000004 0.07265624999999998
4 0.54765625 0.7 0.046093750000000044 0.038281250000000044
4 0.5453125 0.6328125 0.050000000000000044 0.04140624999999998
4 0.5890625 0.56796875 0.047656249999999956 0.046875
2 0.5765625 0.49296874999999996 0.06718749999999996 0.04218749999999999
2 0.559375 0.4203125 0.07109374999999996 0.04375000000000001
2 0.55546875 0.35078125000000004 0.06562500000000004 0.03984375000000001
2 0.5445312500000001 0.28593749999999996 0.06015625000000002 0.04218749999999999
