2 0.6742788461538461 0.8978365384615384 0.1298076923076923 0.07932692307692313
2 0.6298076923076923 0.42067307692307687 0.08774038461538458 0.03605769230769229
2 0.6298076923076923 0.30528846153846156 0.13461538461538458 0.06850961538461542
2 0.6286057692307692 0.1358173076923077 0.08413461538461531 0.046875
2 0.6237980769230769 0.8076923076923077 0.11298076923076927 0.0625
2 0.6237980769230769 0.701923076923077 0.09375 0.05769230769230771
2 0.6177884615384616 0.4495192307692307 0.08293269230769229 0.02644230769230771
2 0.6069711538461539 0.6153846153846154 0.08653846153846145 0.046875
2 0.6033653846153846 0.7572115384615384 0.09975961538461531 0.04206730769230771
2 0.5877403846153846 0.18028846153846156 0.09735576923076927 0.0625
2 0.5721153846153846 0.039663461538461564 0.109375 0.05769230769230771
2 0.5661057692307693 0.09735576923076927 0.10817307692307687 0.05649038461538458
3 0.42427884615384615 0.3064903846153845 0.5552884615384615 0.11298076923076927
3 0.40625 0.6033653846153846 0.5096153846153846 0.14182692307692302
3 0.38942307692307687 0.41346153846153844 0.5588942307692308 0.13942307692307687
3 0.38822115384615385 0.18028846153846156 0.4951923076923077 0.11418269230769229
3 0.38822115384615385 0.08293269230769224 0.47596153846153855 0.11298076923076927
3 0.38221153846153844 0.9002403846153846 0.7355769230769231 0.13461538461538458
3 0.37620192307692313 0.717548076923077 0.5889423076923077 0.09855769230769229
3 0.3629807692307693 0.7992788461538461 0.6610576923076923 0.13221153846153855
