1 0.7331730769230769 0.7163461538461539 0.08774038461538458 0.09254807692307687
1 0.27403846153846156 0.7091346153846154 0.13942307692307687 0.11538461538461542
6 0.4411057692307693 0.6274038461538461 0.17067307692307687 0.17307692307692313
6 0.6658653846153846 0.578125 0.13461538461538458 0.16826923076923084
1 0.43269230769230776 0.5540865384615384 0.10576923076923073 0.08894230769230771
1 0.6502403846153846 0.5144230769230769 0.11899038461538458 0.07932692307692302
3 0.7692307692307692 0.4891826923076923 0.342548076923077 0.9338942307692308
3 0.17067307692307687 0.4567307692307693 0.3389423076923077 0.8894230769230769
3 0.4314903846153845 0.3798076923076923 0.264423076923077 0.7067307692307692
6 0.7980769230769231 0.8028846153846154 0.296875 0.28485576923076916
6 0.21514423076923073 0.7692307692307692 0.2451923076923077 0.23317307692307698
