3 0.615625 0.63828125 0.13671875 0.52421875
3 0.846875 0.36015625 0.09609375 0.375
3 0.90703125 0.2890625 0.0578125 0.2078125
3 0.31328125 0.4015625 0.1109375 0.2609375
3 0.1578125 0.384375 0.09140625 0.33203125
3 0.190625 0.2890625 0.06484375 0.18359375
3 0.109375 0.278125 0.04375 0.18203125
4 0.6109375 0.41640625 0.06796875 0.084375
4 0.85078125 0.203125 0.03984375 0.053125
4 0.9015625 0.21875 0.04375 0.05859375
4 0.328125 0.28828125 0.04609375 0.046875
4 0.15 0.2515625 0.0484375 0.05703125
4 0.2078125 0.215625 0.0234375 0.05625
2 0.11640625 0.21171875 0.03984375 0.04921875