3 0.846875 0.64296875 0.11875 0.48515625
3 0.74296875 0.61328125 0.0796875 0.4296875
3 0.6578125 0.60859375 0.08046875 0.36953125
3 0.575 0.5875 0.09453125 0.35078125
3 0.484375 0.5796875 0.08515625 0.3484375
3 0.40234375 0.58828125 0.071875 0.31640625
3 0.309375 0.61015625 0.07265625 0.3796875
3 0.33671875 0.59140625 0.0546875 0.34921875
3 0.23046875 0.63046875 0.08046875 0.4375
3 0.13046875 0.640625 0.1140625 0.6046875
4 0.1609375 0.38359375 0.06796875 0.0734375
4 0.3140625 0.453125 0.040625 0.05390625
4 0.64453125 0.45234375 0.04609375 0.04765625
4 0.5796875 0.43125 0.03359375 0.05234375
4 0.33359375 0.43671875 0.028125 0.046875
6 0.234375 0.44609375 0.0484375 0.0578125
6 0.48515625 0.4328125 0.0375 0.04140625
6 0.40703125 0.45546875 0.0390625 0.046875
6 0.7375 0.43828125 0.0578125 0.059375
6 0.8375 0.44609375 0.0546875 0.0546875