405 240 485 240 485 548 405 548 person 0
0 230 80 230 80 548 0 548 person 0
95 224 153 224 153 529 95 529 person 0
354 239 398 239 398 526 354 526 person 0
312 217 376 217 376 622 312 622 person 0
246 196 320 196 320 640 246 640 person 0
158 150 272 150 272 640 158 640 person 0
115 203 193 203 193 640 115 640 person 0
91 234 116 234 116 402 91 402 person 0
20 228 67 228 67 291 20 291 red-helm 0
111 225 146 225 146 268 111 268 red-helm 0
156 198 187 198 187 260 156 260 red-helm 0
175 157 252 157 252 234 175 234 red-helm 0
265 198 322 198 322 264 265 264 red-helm 0
331 221 373 221 373 271 331 271 red-helm 0
418 241 456 241 456 294 418 294 red-helm 0
366 241 393 241 393 297 366 297 red-helm 0