157 225 277 225 277 640 157 640 person 0
0 194 140 194 140 640 0 640 person 0
360 203 438 203 438 569 360 569 person 0
438 210 526 210 526 545 438 545 person 0
502 207 562 207 562 504 502 504 person 0
322 317 379 317 379 438 322 438 person 0
6 148 48 148 48 265 6 265 person 0
51 147 86 147 86 258 51 258 person 0
144 169 177 169 177 284 144 284 person 0
115 174 141 174 141 287 115 287 person 0
76 193 136 193 136 265 76 265 red-helm 0
376 210 425 210 425 268 376 268 red-helm 0
22 154 38 154 38 174 22 174 red-helm 0
188 225 236 225 236 295 188 295 blue-helm 0
343 321 368 321 368 365 343 365 blue-helm 0
452 215 493 215 493 282 452 282 blue-helm 0
502 208 544 208 544 271 502 271 blue-helm 0
155 170 169 170 169 191 155 191 blue-helm 0
122 173 136 173 136 192 122 192 blue-helm 0
64 150 79 150 79 169 64 169 yellow-helm 0
565 359 593 359 593 397 565 397 blue-helm 0