494 233 574 233 574 610 494 610 person 0
427 240 496 240 496 609 427 609 person 0
355 256 427 256 427 605 355 605 person 0
390 231 444 231 444 376 390 376 person 0
284 244 364 244 364 611 284 611 person 0
319 210 372 210 372 329 319 329 person 0
210 225 293 225 293 634 210 634 person 0
66 241 157 241 157 640 66 640 person 0
150 240 224 240 224 634 150 634 person 0
138 205 184 205 184 312 138 312 person 0
494 240 530 240 530 285 494 285 red-helm 0
438 236 476 236 476 286 438 286 red-helm 0
398 233 431 233 431 272 398 272 red-helm 0
366 253 399 253 399 298 366 298 red-helm 0
319 205 359 205 359 255 319 255 red-helm 0
301 247 338 247 338 286 301 286 red-helm 0
236 225 275 225 275 269 236 269 red-helm 0
214 197 249 197 249 238 214 238 red-helm 0
166 242 207 242 207 285 166 285 red-helm 0
146 201 182 201 182 246 146 246 red-helm 0
100 244 143 244 143 292 100 292 red-helm 0