476 173 550 173 550 326 476 326 person 0
561 181 626 181 626 352 561 352 person 0
533 235 623 235 623 509 533 509 person 0
305 224 360 224 360 585 305 585 person 0
258 208 326 208 326 539 258 539 person 0
267 260 327 260 327 394 267 394 vest 0
310 280 362 280 362 427 310 427 vest 0
483 219 547 219 547 323 483 323 vest 0
574 236 624 236 624 339 574 339 vest 0
556 280 625 280 625 416 556 416 vest 0
494 174 526 174 526 227 494 227 blue-helm 0
277 212 310 212 310 266 277 266 white-helm 0
309 225 346 225 346 283 309 283 white-helm 0
558 185 595 185 595 235 558 235 white-helm 0
543 230 572 230 572 282 543 282 white-helm 0