0 172 139 172 139 640 0 640 person 0
136 212 218 212 218 632 136 632 person 0
162 158 281 158 281 637 162 637 person 0
226 144 410 144 410 640 226 640 person 0
494 96 640 96 640 640 494 640 person 0
394 97 524 97 524 640 394 640 person 0
531 249 640 249 640 640 531 640 vest 0
395 231 525 231 525 508 395 508 vest 0
47 174 138 174 138 264 47 264 red-helm 0
162 223 214 223 214 282 162 282 yellow-helm 0
213 171 283 171 283 257 213 257 yellow-helm 0
95 281 138 281 138 327 95 327 red-helm 0
286 148 376 148 376 258 286 258 red-helm 0
383 106 470 106 470 207 383 207 yellow-helm 0
490 98 636 98 636 217 490 217 yellow-helm 0