3 0.11484375 0.55703125 0.13828125 0.85078125
3 0.20390625 0.51953125 0.10078125 0.84609375
3 0.2640625 0.48125 0.07265625 0.74921875
3 0.32578125 0.53671875 0.1265625 0.8421875
3 0.396875 0.50625 0.0765625 0.7859375
3 0.471875 0.54375 0.11171875 0.78515625
3 0.43203125 0.18203125 0.0578125 0.2171875
3 0.51640625 0.20390625 0.0453125 0.15703125
3 0.5546875 0.50625 0.10390625 0.7734375
3 0.625 0.50390625 0.0625 0.7140625
3 0.68671875 0.53515625 0.10703125 0.721875
5 0.115625 0.4234375 0.11875 0.315625
5 0.20078125 0.38515625 0.09921875 0.296875
5 0.26171875 0.31796875 0.071875 0.15
5 0.328125 0.40703125 0.115625 0.30859375
5 0.390625 0.340625 0.08671875 0.22890625
5 0.43359375 0.2859375 0.075 0.18671875
5 0.47265625 0.43671875 0.09921875 0.2921875
5 0.5578125 0.38046875 0.096875 0.26796875
5 0.6796875 0.4203125 0.1140625 0.2890625