38 203 124 203 124 640 38 640 person 0
100 180 185 180 185 640 100 640 person 0
175 197 287 197 287 516 175 516 person 0
295 189 375 189 375 503 295 503 person 0
376 190 456 190 456 515 376 515 person 0
439 221 514 221 514 550 439 550 person 0
474 167 584 167 584 640 474 640 person 0
483 289 579 289 579 576 483 576 vest 0
442 314 509 314 509 518 442 518 vest 0
367 299 451 299 451 511 367 511 vest 0
296 292 383 292 383 506 296 506 vest 0
177 306 285 306 285 513 177 513 vest 0
42 208 115 208 115 282 42 282 white-helm 0
116 179 169 179 169 241 116 241 white-helm 0
205 200 265 200 265 277 205 277 blue-helm 0
310 203 369 203 369 279 310 279 white-helm 0
373 194 436 194 436 261 373 261 white-helm 0
437 224 501 224 501 309 437 309 blue-helm 0
473 174 550 174 550 249 473 249 white-helm 0