458 131 580 131 580 533 458 533 person 0
314 138 369 138 369 364 314 364 person 0
230 134 289 134 289 460 230 460 person 0
187 114 239 114 239 419 187 419 person 0
103 254 191 254 191 487 103 487 person 0
22 268 120 268 120 531 22 531 person 0
0 130 34 130 34 457 0 457 person 0
265 140 298 140 298 343 265 343 person 0
484 192 562 192 562 362 484 362 vest 0
315 191 366 191 366 322 315 322 vest 0
236 192 281 192 281 319 236 319 vest 0
194 166 235 166 235 289 194 289 vest 0
0 199 25 199 25 338 0 338 vest 0
26 323 115 323 115 423 26 423 vest 0
492 134 537 134 537 197 492 197 blue-helm 0
65 269 109 269 109 348 65 348 yellow-helm 0
321 141 358 141 358 184 321 184 yellow-helm 0
193 117 223 117 223 155 193 155 yellow-helm 0
254 137 286 137 286 185 254 185 blue-helm 0
0 126 22 126 22 182 0 182 blue-helm 0