3 0.109375 0.55859375 0.12421875 0.55390625
3 0.2125 0.5515625 0.109375 0.57265625
3 0.296875 0.553125 0.08515625 0.51796875
3 0.36796875 0.540625 0.07265625 0.5046875
3 0.909375 0.5359375 0.11640625 0.58984375
3 0.61171875 0.5921875 0.0875 0.5
3 0.69296875 0.584375 0.09296875 0.51328125
3 0.75859375 0.53984375 0.08359375 0.58203125
3 0.81640625 0.54609375 0.103125 0.52890625
3 0.5203125 0.534375 0.08515625 0.55546875
3 0.45546875 0.55 0.0640625 0.50234375
3 0.41640625 0.590625 0.0625 0.496875
4 0.103125 0.321875 0.06171875 0.0671875
4 0.2125 0.29765625 0.0546875 0.06484375
4 0.29921875 0.32890625 0.05625 0.06015625
4 0.36953125 0.31640625 0.046875 0.0609375
4 0.45234375 0.33125 0.0453125 0.05234375
4 0.52578125 0.296875 0.05078125 0.06015625
4 0.61796875 0.36875 0.04921875 0.06640625
4 0.6640625 0.3078125 0.053125 0.06875
4 0.5984375 0.3328125 0.04921875 0.06484375
4 0.7 0.35625 0.05703125 0.0484375
4 0.753125 0.28984375 0.05625 0.078125
4 0.82734375 0.3171875 0.05625 0.0703125
4 0.9171875 0.2875 0.06171875 0.07890625