275 155 308 155 308 259 275 259 person 0
180 169 216 169 216 282 180 282 person 0
179 167 205 167 205 266 179 266 person 0
448 101 577 101 577 573 448 573 person 0
425 97 493 97 493 496 425 496 person 0
344 117 433 117 433 487 344 487 person 0
1 300 50 300 50 432 1 432 person 0
24 276 66 276 66 378 24 378 person 0
354 175 426 175 426 311 354 311 person 0
460 170 555 170 555 353 460 353 person 0
481 105 531 105 531 176 481 176 head 0
281 175 302 175 302 207 281 207 vest 0
0 329 54 329 54 415 0 415 vest 0
23 301 54 301 54 345 23 345 vest 0
183 184 203 184 203 223 183 223 vest 0
426 166 488 166 488 324 426 324 vest 0