3 0.12109375 0.9046875 0.12578125 0.190625
3 0.22734375 0.78125 0.1453125 0.43671875
3 0.41015625 0.74921875 0.08828125 0.5015625
3 0.496875 0.78671875 0.12578125 0.4265625
3 0.63671875 0.7515625 0.13046875 0.4265625
3 0.80078125 0.84921875 0.15625 0.3015625
3 0.8453125 0.7203125 0.09296875 0.234375
3 0.80625 0.553125 0.0859375 0.371875
3 0.7234375 0.57109375 0.07890625 0.4625
3 0.58984375 0.39140625 0.08828125 0.38515625
4 0.125 0.875 0.09453125 0.12265625
4 0.23984375 0.62578125 0.07578125 0.1125
4 0.3609375 0.93671875 0.08359375 0.12578125
4 0.65390625 0.625 0.06484375 0.10234375
4 0.7359375 0.38046875 0.0578125 0.0890625
4 0.80234375 0.39765625 0.05078125 0.07265625
7 0.5953125 0.23359375 0.05078125 0.0703125
7 0.83828125 0.65859375 0.07109375 0.1078125
7 0.8171875 0.75390625 0.0828125 0.12734375