3 0.1125 0.72109375 0.21953125 0.47265625
3 0.365625 0.8671875 0.16953125 0.26484375
3 0.66875 0.78359375 0.203125 0.4328125
3 0.66953125 0.56015625 0.15859375 0.2109375
3 0.4875 0.4140625 0.0734375 0.1234375
3 0.66015625 0.45390625 0.12578125 0.128125
3 0.5875 0.37109375 0.053125 0.11171875
7 0.18359375 0.53828125 0.08046875 0.09375
7 0.38125 0.77734375 0.08125 0.09296875
4 0.59921875 0.60703125 0.06953125 0.0828125
4 0.61796875 0.4859375 0.04765625 0.06328125
7 0.6171875 0.41640625 0.03046875 0.04609375
7 0.5078125 0.37578125 0.028125 0.046875