3 0.1578125 0.584375 0.2515625 0.38828125
3 0.3625 0.44140625 0.1671875 0.33671875
3 0.5375 0.36484375 0.11484375 0.2203125
3 0.70078125 0.23046875 0.178125 0.46015625
3 0.6609375 0.5921875 0.165625 0.28671875
3 0.5390625 0.72578125 0.190625 0.5484375
0 0.2 0.4609375 0.11875 0.13828125
0 0.38984375 0.33828125 0.08203125 0.13046875
0 0.52578125 0.31015625 0.06953125 0.09375
0 0.72265625 0.06484375 0.1015625 0.1296875
0 0.67578125 0.51171875 0.09453125 0.1234375
0 0.51015625 0.51015625 0.0953125 0.1234375