428 333 486 333 486 621 428 621 person 0
149 327 207 327 207 606 149 606 person 0
205 335 250 335 250 608 205 608 person 0
249 332 296 332 296 610 249 610 person 0
385 333 430 333 430 617 385 617 person 0
340 357 388 357 388 616 340 616 person 0
294 344 340 344 340 614 294 614 person 0
436 336 460 336 460 365 436 365 red-helm 0
392 333 418 333 418 365 392 365 red-helm 0
349 362 379 362 379 392 349 392 red-helm 0
302 348 329 348 329 391 302 391 head 0
255 335 283 335 283 381 255 381 head 0
212 335 237 335 237 377 212 377 head 0
170 329 197 329 197 368 170 368 head 0