3 0.35703125 0.7109375 0.12578125 0.271875
3 0.53515625 0.7390625 0.13359375 0.2734375
3 0.74296875 0.47421875 0.10234375 0.2484375
3 0.453125 0.25546875 0.09140625 0.2671875
3 0.275 0.3078125 0.13203125 0.27578125
5 0.3578125 0.715625 0.08125 0.16484375
5 0.52265625 0.71953125 0.09609375 0.134375
5 0.45625 0.23046875 0.08125 0.09921875
5 0.26640625 0.28046875 0.06953125 0.08203125
5 0.74453125 0.44453125 0.07265625 0.053125
4 0.34375 0.61328125 0.04765625 0.0515625
4 0.56484375 0.64140625 0.0390625 0.0578125
6 0.74453125 0.38828125 0.0453125 0.07109375
6 0.459375 0.16484375 0.04375 0.06875
6 0.28359375 0.215625 0.0515625 0.0703125