370 221 444 221 444 640 370 640 person 0
307 258 372 258 372 640 307 640 person 0
245 254 307 254 307 640 245 640 person 0
177 247 240 247 240 640 177 640 person 0
113 258 168 258 168 640 113 640 person 0
43 247 112 247 112 640 43 640 person 0
6 217 63 217 63 639 6 639 person 0
361 160 397 160 397 337 361 337 person 0
345 196 381 196 381 388 345 388 person 0
284 182 330 182 330 379 284 379 person 0
96 183 135 183 135 640 96 640 person 0
138 171 171 171 171 320 138 320 person 0
157 201 200 201 200 640 157 640 person 0
197 148 243 148 243 300 197 300 person 0
373 316 438 316 438 544 373 544 vest 0
308 348 370 348 370 578 308 578 vest 0
250 349 305 349 305 567 250 567 vest 0
181 339 238 339 238 552 181 552 vest 0
113 352 166 352 166 575 113 575 vest 0
46 344 109 344 109 586 46 586 vest 0
16 313 70 313 70 523 16 523 vest 0
92 280 129 280 129 389 92 389 vest 0
158 303 197 303 197 504 158 504 vest 0
225 300 267 300 267 494 225 494 vest 0
210 153 236 153 236 220 210 220 blue-helm 0
263 171 289 171 289 231 263 231 blue-helm 0
288 189 321 189 321 259 288 259 blue-helm 0
365 167 390 167 390 224 365 224 blue-helm 0
346 194 373 194 373 263 346 263 blue-helm 0
318 256 353 256 353 333 318 333 blue-helm 0
261 257 297 257 297 329 261 329 blue-helm 0
231 204 262 204 262 276 231 276 blue-helm 0
193 251 227 251 227 318 193 318 blue-helm 0
167 207 194 207 194 286 167 286 blue-helm 0
139 171 168 171 168 238 139 238 blue-helm 0
124 260 158 260 158 327 124 327 white-helm 0
95 189 128 189 128 273 95 273 white-helm 0
390 226 424 226 424 300 390 300 white-helm 0
26 211 62 211 62 291 26 291 white-helm 0
96 193 128 193 128 272 96 272 white-helm 0
63 247 97 247 97 320 63 320 white-helm 0