3 0.915625 0.72109375 0.16875 0.55703125
3 0.853125 0.62734375 0.11796875 0.390625
3 0.7875 0.6453125 0.078125 0.39296875
3 0.69609375 0.7328125 0.15859375 0.534375
3 0.51796875 0.725 0.1171875 0.55
3 0.27421875 0.65625 0.28203125 0.6875
3 0.0515625 0.64765625 0.07421875 0.40546875
3 0.1359375 0.71171875 0.12578125 0.5765625
3 0.46015625 0.6328125 0.040625 0.259375
3 0.37890625 0.5671875 0.07421875 0.3203125
3 0.41171875 0.61015625 0.0515625 0.27578125
3 0.58125 0.76953125 0.05703125 0.40625
0 0.04609375 0.47890625 0.0421875 0.0515625
4 0.29375 0.3890625 0.11640625 0.14375
7 0.365625 0.44765625 0.04921875 0.0640625
4 0.4046875 0.5046875 0.0203125 0.03984375
4 0.46171875 0.521875 0.028125 0.0359375
4 0.52734375 0.4828125 0.0578125 0.0671875
4 0.875 0.47421875 0.0578125 0.07109375
4 0.778125 0.49453125 0.04140625 0.05703125
2 0.16328125 0.4890625 0.06328125 0.12421875
2 0.93125 0.51484375 0.08125 0.14375
4 0.58984375 0.6 0.03828125 0.06328125