3 0.159375 0.6546875 0.10625 0.66640625
3 0.3546875 0.55078125 0.08046875 0.48984375
3 0.428125 0.5203125 0.0578125 0.41796875
3 0.47578125 0.5 0.0671875 0.4296875
3 0.52890625 0.47734375 0.0796875 0.38046875
3 0.74375 0.5078125 0.13984375 0.646875
3 0.9140625 0.4765625 0.13046875 0.47578125
5 0.16171875 0.56796875 0.0890625 0.278125
5 0.353125 0.47578125 0.07421875 0.1671875
5 0.42578125 0.4671875 0.05703125 0.178125
5 0.46953125 0.45078125 0.05078125 0.165625
5 0.51796875 0.4296875 0.05078125 0.15546875
5 0.77265625 0.425 0.08515625 0.203125
5 0.90234375 0.39296875 0.0875 0.1625
4 0.746875 0.25859375 0.0609375 0.096875
4 0.88671875 0.27265625 0.04765625 0.0796875
4 0.16015625 0.3765625 0.07265625 0.09375
4 0.34609375 0.35859375 0.046875 0.06953125
4 0.4296875 0.34921875 0.0390625 0.07109375
4 0.45859375 0.31484375 0.0421875 0.0515625
4 0.521875 0.31484375 0.0390625 0.046875