528 175 635 175 635 640 528 640 person 0
67 193 162 193 162 640 67 640 person 0
164 214 231 214 231 622 164 622 person 0
322 212 374 212 374 543 322 543 person 0
282 218 331 218 331 557 282 557 person 0
230 218 287 218 287 590 230 590 person 0
541 176 597 176 597 253 541 253 yellow-helm 0
98 194 147 194 147 254 98 254 blue-helm 0
174 231 213 231 213 286 174 286 yellow-helm 0
240 228 272 228 272 272 240 272 yellow-helm 0
288 218 316 218 316 265 288 265 yellow-helm 0
331 227 362 227 362 255 331 255 yellow-helm 0