0 105 94 105 94 640 0 640 person 0
78 163 177 163 177 640 78 640 person 0
174 118 309 118 309 640 174 640 person 0
352 135 445 135 445 640 352 640 person 0
394 161 538 161 538 640 394 640 person 0
484 86 615 86 615 640 484 640 person 0
590 0 640 0 640 640 590 640 person 0
0 110 96 110 96 226 0 226 red-helm 0
76 170 144 170 144 246 76 246 white-helm 0
197 119 273 119 273 212 197 212 red-helm 0
375 133 433 133 433 214 375 214 red-helm 0
414 159 503 159 503 277 414 277 blue-helm 0
485 81 575 81 575 184 485 184 white-helm 0
583 2 640 2 640 91 583 91 blue-helm 0