429 294 492 294 492 539 429 539 person 0
409 277 440 277 440 412 409 412 person 0
333 283 396 283 396 510 333 510 person 0
276 272 322 272 322 465 276 465 person 0
213 251 314 251 314 640 213 640 person 0
105 253 200 253 200 640 105 640 person 0
191 263 235 263 235 511 191 511 person 0
98 250 147 250 147 443 98 443 person 0
111 324 189 324 189 485 111 485 vest 0
191 299 235 299 235 390 191 390 vest 0
228 315 295 315 295 465 228 465 vest 0
275 307 309 307 309 403 275 403 vest 0
111 293 144 293 144 344 111 344 vest 0
341 318 390 318 390 413 341 413 vest 0
413 302 436 302 436 350 413 350 vest 0
432 328 485 328 485 433 432 433 vest 0
119 247 145 247 145 282 119 282 blue-helm 0
136 252 180 252 180 306 136 306 blue-helm 0
201 269 223 269 223 292 201 292 blue-helm 0
239 253 273 253 273 301 239 301 blue-helm 0
441 295 473 295 473 329 441 329 blue-helm 0
415 280 434 280 434 306 415 306 white-helm 0
350 285 373 285 373 315 350 315 white-helm 0
276 273 300 273 300 304 276 304 white-helm 0