3 0.228125 0.696875 0.16015625 0.60625
3 0.39765625 0.69921875 0.15078125 0.60078125
3 0.6125 0.66953125 0.140625 0.66015625
3 0.89296875 0.59453125 0.2140625 0.81015625
5 0.22109375 0.6640625 0.14765625 0.2703125
5 0.38984375 0.5828125 0.10625 0.16953125
5 0.61484375 0.61484375 0.12578125 0.26953125
5 0.903125 0.53125 0.17265625 0.33359375
4 0.228125 0.45546875 0.08828125 0.0984375
4 0.38828125 0.43671875 0.0515625 0.071875
4 0.5953125 0.38828125 0.08671875 0.09375
4 0.85546875 0.2578125 0.134375 0.1328125