3 0.18515625 0.63828125 0.28828125 0.7234375
3 0.38828125 0.6640625 0.19140625 0.671875
3 0.58671875 0.68125 0.2125 0.6328125
3 0.7375 0.69375 0.1578125 0.61171875
3 0.88515625 0.65546875 0.21015625 0.6890625
5 0.87890625 0.56796875 0.1609375 0.28203125
5 0.390625 0.63125 0.17265625 0.31015625
6 0.23203125 0.3390625 0.12578125 0.12890625
4 0.403125 0.38203125 0.0953125 0.10234375
2 0.5734375 0.44453125 0.0890625 0.15546875
2 0.73046875 0.4609375 0.0828125 0.12890625
6 0.86015625 0.37265625 0.08203125 0.1234375