3 0.084375 0.62890625 0.16328125 0.484375
3 0.25390625 0.60390625 0.13671875 0.3734375
3 0.346875 0.57578125 0.09609375 0.2921875
3 0.7859375 0.65546875 0.165625 0.4859375
3 0.6578125 0.596875 0.07734375 0.390625
3 0.5703125 0.59609375 0.11171875 0.26875
3 0.42421875 0.54375 0.0375 0.121875
3 0.3984375 0.5375 0.03125 0.1421875
5 0.1 0.534375 0.10703125 0.16171875
5 0.2390625 0.54296875 0.09765625 0.1546875
5 0.80546875 0.56875 0.115625 0.1921875
5 0.66171875 0.54296875 0.0625 0.12421875
5 0.42109375 0.53359375 0.0265625 0.053125
5 0.39765625 0.52578125 0.028125 0.059375
4 0.1296875 0.4390625 0.06171875 0.0953125
4 0.30078125 0.45859375 0.05234375 0.07578125
4 0.36953125 0.4578125 0.04375 0.06484375
4 0.7390625 0.4578125 0.06796875 0.09921875
4 0.64296875 0.4359375 0.04921875 0.06015625
4 0.61171875 0.5015625 0.0390625 0.059375
4 0.43046875 0.49765625 0.021875 0.02890625
4 0.4015625 0.478125 0.0203125 0.0296875