421 286 617 286 617 640 421 640 person 0
370 90 520 90 520 497 370 497 person 0
271 123 375 123 375 627 271 627 person 0
141 48 265 48 265 584 141 584 person 0
6 121 154 121 154 619 6 619 person 0
7 240 158 240 158 452 7 452 vest 0
139 195 250 195 250 379 139 379 vest 0
286 225 378 225 378 495 286 495 vest 0
380 211 504 211 504 473 380 473 vest 0
459 435 615 435 615 640 459 640 vest 0
59 124 150 124 150 247 59 247 red-helm 0
133 62 221 62 221 173 133 173 yellow-helm 0
273 133 340 133 340 215 273 215 yellow-helm 0
429 99 505 99 505 197 429 197 red-helm 0
433 283 542 283 542 409 433 409 red-helm 0